route_id,stop_id,stop_order
7,14617,1
7,92,2
7,219,3
7,128,4
7,153,5
7,117,6
7,180,7
7,9951,8
7,211,9
7,168,10
7,101,11
7,132,12
7,87,13
7,130,14
7,214,15
7,195,16
7,98,17
7,171,18
7,143,19
7,145,20
7,197,21
7,102,22
7,165,23
7,124,24
7,224,25
7,135,26
7,175,27
7,94,28
7,91,29
7,158,30
7,221,31
7,220,32
7,15196,33
7,188,34
7,227,35
7,16095,36
7,89,37
7,174,38
7,199,39
7,108,40
7,226,41
7,133,42
7,155,43
7,205,44
7,230,45
7,136,46
7,85,47
7,15813,48
7,125,49
7,184,50
7,122,51
7,183,52
7,1056,53
7,761,54
7,1585,55
7,1617,56
7,1138,57
7,1139,58
7,1136,59
8,16638,1
8,14055,2
8,6109,3
8,6136,4
8,6135,5
8,6134,6
8,6131,7
8,6107,8
8,15279,9
8,6127,10
8,6110,11
8,6133,12
8,6122,13
8,5933,14
8,5929,15
8,5943,16
8,5945,17
8,5938,18
8,5922,19
8,5932,20
8,16356,21
8,1416,22
8,1411,23
8,1406,24
8,1412,25
8,1413,26
8,1423,27
8,1421,28
8,1420,29
8,16623,30
8,16621,31
8,653,32
8,656,33
8,659,34
8,651,35
8,649,36
8,660,37
8,3371,38
8,1769,39
8,1762,40
8,1767,41
8,1760,42
8,1763,43
8,1758,44
8,1108,45
9,14769,1
9,9610,2
9,9611,3
9,4534,4
9,4539,5
9,9612,6
9,9613,7
9,354,8
9,363,9
9,367,10
9,346,11
9,360,12
9,343,13
9,342,14
9,362,15
9,350,16
9,348,17
9,349,18
9,344,19
9,364,20
9,358,21
9,339,22
9,353,23
9,1040,24
9,1293,25
9,12094,26
9,1306,27
9,1292,28
9,1298,29
9,1285,30
9,1304,31
9,1212,32
9,1565,33
9,1560,34
9,1555,35
9,1553,36
9,4625,37
9,16797,38
9,6115,39
9,1558,40
9,1563,41
9,1568,42
9,1571,43
9,1554,44
9,6126,45
9,16640,46
10,15330,1
10,1949,2
10,1929,3
10,1938,4
10,1919,5
10,7384,6
10,7387,7
10,7390,8
10,7391,9
10,7385,10
10,7393,11
10,7381,12
10,7382,13
10,7395,14
10,7421,15
10,6764,16
10,6766,17
10,6265,18
10,6266,19
11,1254,1
11,322,2
11,310,3
11,309,4
11,12934,5
11,316,6
11,287,7
11,308,8
11,314,9
11,293,10
11,305,11
11,283,12
11,281,13
11,307,14
11,9476,15
11,288,16
11,303,17
11,304,18
11,15536,19
11,318,20
11,10996,21
11,295,22
11,291,23
11,9139,24
11,329,25
11,330,26
11,327,27
11,325,28
11,1711,29
11,1710,30
11,279,31
11,312,32
11,299,33
11,11330,34
11,1725,35
11,1718,36
11,11997,37
11,9394,38
11,11248,39
11,1712,40
11,1716,41
11,1715,42
11,16365,43
11,1731,44
11,1727,45
11,1708,46
11,1868,47
11,1872,48
11,1874,49
11,1870,50
11,1876,51
11,11581,52
11,1865,53
11,1879,54
11,1883,55
11,14648,56
12,14788,1
12,14962,2
12,4690,3
12,4697,4
12,4692,5
12,4696,6
12,9414,7
12,9415,8
12,3344,9
12,11840,10
12,4221,11
12,4270,12
12,15211,13
12,4267,14
12,4235,15
12,4232,16
12,4205,17
12,4207,18
12,4243,19
12,4233,20
12,4227,21
12,4230,22
12,4217,23
12,4259,24
12,4260,25
12,4246,26
12,4214,27
12,16719,28
12,12540,29
12,15744,30
12,4247,31
12,4211,32
12,4223,33
12,4241,34
12,4253,35
12,4258,36
12,4269,37
12,4250,38
12,12549,39
12,12543,40
12,15904,41
12,4229,42
12,15906,43
12,15908,44
12,4255,45
12,6488,46
12,15280,47
12,2968,48
12,2932,49
12,2962,50
12,2942,51
12,15281,52
12,11415,53
13,1053,1
13,1088,2
13,1111,3
13,1614,4
13,1464,5
13,1459,6
13,1456,7
13,47,8
13,50,9
13,58,10
13,61,11
13,56,12
13,63,13
13,45,14
13,70,15
13,65,16
13,1242,17
13,1437,18
13,1440,19
13,16135,20
13,3407,21
13,16136,22
13,11488,23
13,2394,24
13,2374,25
13,2342,26
13,14668,27
14,14646,1
14,9879,2
14,767,3
14,3418,4
14,3407,5
14,3409,6
14,3421,7
14,3414,8
14,3413,9
14,3415,10
14,3419,11
14,4585,12
14,98,13
14,171,14
14,3640,15
14,3657,16
14,3647,17
14,3653,18
14,3664,19
14,3666,20
14,3662,21
14,3649,22
14,3645,23
14,3651,24
14,3655,25
14,3659,26
14,4403,27
14,4409,28
14,9521,29
14,4680,30
14,3642,31
15,14753,1
15,6975,2
15,7036,3
15,7032,4
15,7007,5
15,7017,6
15,6984,7
15,7020,8
15,7043,9
15,6995,10
15,7023,11
15,7028,12
15,7008,13
15,9395,14
15,9396,15
15,9397,16
15,9398,17
15,9399,18
15,2446,19
15,2438,20
15,2445,21
15,2430,22
15,2449,23
15,2458,24
15,16739,25
15,2456,26
15,2451,27
15,14496,28
15,2437,29
15,2452,30
15,2435,31
15,2429,32
15,2441,33
15,2454,34
15,3169,35
15,11587,36
16,14758,1
16,16645,2
16,5666,3
16,5670,4
16,5664,5
16,5675,6
16,5676,7
16,5678,8
16,5662,9
16,5673,10
16,5669,11
16,4937,12
16,4963,13
16,4966,14
16,4961,15
16,4936,16
16,4969,17
16,4942,18
16,4949,19
16,4938,20
16,4959,21
16,16477,22
16,15031,23
16,4951,24
16,4957,25
16,4956,26
16,4954,27
16,4948,28
16,4965,29
16,1563,30
16,1568,31
16,1571,32
16,1554,33
16,6126,34
16,16640,35
17,15557,1
17,15558,2
17,15556,3
17,15559,4
17,15417,5
17,15418,6
17,15419,7
17,16629,8
17,15420,9
17,415,10
17,15806,11
17,15807,12
17,401,13
17,410,14
17,9172,15
17,9173,16
17,456,17
17,9720,18
17,458,19
17,469,20
17,466,21
17,418,22
17,434,23
17,454,24
17,9748,25
17,428,26
17,1740,27
17,459,28
17,392,29
17,426,30
17,431,31
17,378,32
17,449,33
17,391,34
17,389,35
17,447,36
17,464,37
17,446,38
17,377,39
17,407,40
17,387,41
17,16721,42
17,409,43
17,436,44
17,421,45
17,430,46
17,437,47
17,414,48
17,398,49
17,442,50
17,376,51
17,380,52
17,374,53
17,404,54
17,383,55
17,393,56
17,396,57
17,416,58
17,15652,59
17,1554,60
17,6126,61
17,16638,62
19,940,1
19,998,2
19,334,3
19,926,4
19,948,5
19,16259,6
19,235,7
19,236,8
19,265,9
19,267,10
19,251,11
19,239,12
19,249,13
19,245,14
19,242,15
19,253,16
19,234,17
19,260,18
19,232,19
19,16524,20
19,3247,21
19,1671,22
19,1069,23
20,14737,1
20,15924,2
20,15925,3
20,910,4
20,911,5
20,16740,6
20,872,7
20,897,8
20,919,9
20,923,10
20,921,11
20,1450,12
20,7547,13
20,440,14
20,1145,15
20,1147,16
20,1144,17
20,16691,18
20,1208,19
20,1207,20
20,1209,21
20,1210,22
20,1448,23
20,1449,24
20,1443,25
20,10434,26
20,1328,27
20,1323,28
20,1326,29
20,1329,30
20,1330,31
20,1325,32
20,1332,33
20,1331,34
20,1327,35
20,1324,36
20,1036,37
20,1038,38
20,16453,39
20,16391,40
21,10865,1
21,9680,2
21,9674,3
21,4834,4
21,4831,5
21,4836,6
21,4828,7
21,9667,8
21,4813,9
21,14440,10
21,4822,11
21,4818,12
21,4826,13
21,4814,14
21,4820,15
21,4824,16
21,10147,17
21,15819,18
21,10148,19
21,10149,20
21,10150,21
21,1613,22
21,14768,23
21,1612,24
21,631,25
21,629,26
21,615,27
21,647,28
21,616,29
21,623,30
21,621,31
21,639,32
21,617,33
21,643,34
21,634,35
21,641,36
21,632,37
21,622,38
21,645,39
21,626,40
21,1033,41
21,15278,42
21,1038,43
21,16453,44
21,16392,45
22,14644,1
22,1786,2
22,1789,3
22,1792,4
22,14425,5
22,1791,6
22,15132,7
22,1797,8
22,1788,9
22,1795,10
22,11845,11
22,11181,12
23,3092,1
23,3094,2
23,3118,3
23,3120,4
23,3121,5
23,3119,6
23,3122,7
23,1892,8
23,1885,9
23,1897,10
23,1891,11
23,13346,12
23,11256,13
23,1895,14
23,1901,15
23,1889,16
23,15926,17
23,13464,18
23,14736,19
24,7946,1
24,8509,2
24,8510,3
24,9523,4
24,8465,5
24,8503,6
24,8516,7
24,8479,8
24,8487,9
24,8492,10
24,8468,11
24,8461,12
24,8458,13
24,8521,14
24,7421,15
24,8438,16
24,8489,17
24,8488,18
24,7420,19
24,7426,20
24,7413,21
24,7411,22
24,7414,23
24,8523,24
24,7418,25
24,8490,26
24,8439,27
24,10730,28
24,8472,29
24,14272,30
24,8445,31
24,8448,32
24,8478,33
24,8500,34
24,8513,35
24,8496,36
24,8450,37
24,8457,38
24,8441,39
24,8453,40
24,8427,41
24,16695,42
24,8520,43
24,8491,44
24,8429,45
24,8522,46
24,8463,47
24,8493,48
24,8504,49
24,8447,50
24,8495,51
24,16463,52
24,8482,53
24,15026,54
24,14963,55
24,14962,56
24,4690,57
25,14637,1
25,3369,2
25,655,3
25,657,4
25,650,5
25,652,6
25,16620,7
25,16622,8
25,4501,9
25,16697,10
25,2979,11
25,2980,12
25,4520,13
25,2988,14
25,8011,15
25,2987,16
25,1936,17
25,1934,18
25,1972,19
25,15731,20
25,9125,21
25,1977,22
25,1942,23
25,1922,24
25,1961,25
25,1946,26
25,1920,27
25,1913,28
25,1948,29
25,1930,30
25,1944,31
25,1957,32
25,1979,33
25,1955,34
25,1940,35
25,1941,36
25,1959,37
25,15988,38
25,6349,39
25,14623,40
25,14625,41
25,1949,42
25,1929,43
25,1938,44
25,1919,45
25,1975,46
25,1967,47
25,9140,48
25,1966,49
25,1952,50
25,1956,51
25,1917,52
25,1915,53
25,1933,54
25,1974,55
25,6148,56
25,3129,57
25,2646,58
26,14701,1
26,1170,2
26,1168,3
26,34,4
26,42,5
26,24,6
26,40,7
26,28,8
26,26,9
26,21,10
26,30,11
26,39,12
26,37,13
26,32,14
26,23,15
26,1007,16
26,1023,17
26,1029,18
26,1015,19
26,1008,20
26,1018,21
26,1004,22
26,994,23
26,1002,24
26,1021,25
26,1025,26
26,1000,27
26,1017,28
26,1022,29
26,996,30
26,1011,31
26,1014,32
26,1027,33
26,1012,34
26,11881,35
26,998,36
26,334,37
26,333,38
26,336,39
26,14784,40
28,14494,1
28,14493,2
28,7525,3
28,14492,4
28,1868,5
28,1872,6
28,1874,7
28,1870,8
28,1876,9
28,11581,10
28,1865,11
28,1879,12
28,1883,13
28,14646,14
29,14799,1
29,2107,2
29,2105,3
29,2024,4
29,2064,5
29,2019,6
29,2076,7
29,2087,8
29,2016,9
29,2070,10
29,2078,11
29,2056,12
29,2054,13
29,15471,14
29,2023,15
29,2026,16
29,2021,17
29,2046,18
29,2086,19
29,2079,20
29,2060,21
29,2049,22
29,2083,23
29,2061,24
29,2017,25
29,2094,26
29,2085,27
29,2039,28
29,16470,29
29,2044,30
29,2068,31
29,2089,32
29,2013,33
29,2035,34
29,9341,35
29,2099,36
29,2034,37
29,2041,38
29,2058,39
29,2015,40
29,15030,41
29,2074,42
29,2067,43
29,2072,44
29,2092,45
29,2032,46
29,14469,47
29,9919,48
29,14309,49
29,16285,50
29,14363,51
30,4450,1
30,15827,2
30,3495,3
30,15983,4
30,5119,5
30,5118,6
30,5121,7
30,5120,8
30,14695,9
31,15283,1
31,1786,2
31,903,3
31,899,4
31,3670,5
31,3683,6
31,3676,7
31,3687,8
31,3680,9
31,3678,10
31,3669,11
31,3674,12
31,3672,13
31,3685,14
31,3029,15
31,11377,16
31,13926,17
31,13483,18
31,3536,19
31,16155,20
31,11183,21
31,11845,22
31,11181,23
32,14674,1
32,14675,2
32,2360,3
32,2375,4
32,2395,5
32,2324,6
32,2336,7
32,2359,8
32,16201,9
32,2410,10
32,2415,11
32,2391,12
32,2327,13
32,2392,14
32,14679,15
32,14680,16
32,2380,17
32,2389,18
32,2358,19
32,2378,20
32,2341,21
32,2350,22
32,2337,23
32,2335,24
32,16330,25
32,2409,26
32,2414,27
32,2330,28
32,15964,29
32,16329,30
32,2419,31
32,16195,32
32,16243,33
32,15360,34
32,11716,35
32,2407,36
32,16051,37
32,2403,38
32,16757,39
32,2363,40
32,16648,41
32,2371,42
32,2421,43
32,2381,44
32,2344,45
32,2417,46
32,15594,47
33,130,1
33,214,2
33,4584,3
33,4586,4
33,16119,5
33,3411,6
33,4604,7
33,4605,8
33,14062,9
33,4607,10
33,4608,11
33,4616,12
33,4614,13
33,4611,14
33,4615,15
33,4632,16
33,14783,17
34,14672,1
34,13898,2
34,15702,3
34,2304,4
34,16332,5
34,2270,6
34,2234,7
34,2238,8
34,16123,9
34,2308,10
34,2312,11
34,2284,12
34,2252,13
34,15965,14
34,9125,15
34,4720,16
34,4725,17
34,4724,18
34,4729,19
34,4726,20
34,11259,21
34,11229,22
34,11230,23
34,11260,24
34,4731,25
34,16664,26
34,11338,27
34,4728,28
34,4633,29
34,3475,30
34,3474,31
34,3693,32
34,10268,33
35,15577,1
35,1602,2
35,1593,3
35,1173,4
35,3904,5
35,1159,6
35,1158,7
35,3736,8
35,3739,9
35,3730,10
35,3745,11
35,3740,12
35,3741,13
35,3743,14
35,3733,15
35,16759,16
35,9146,17
35,3891,18
35,3892,19
35,10447,20
35,3893,21
35,3885,22
35,3894,23
35,3876,24
35,3930,25
35,3873,26
35,3921,27
35,10616,28
35,3897,29
35,14257,30
35,3870,31
35,3859,32
35,3871,33
35,3939,34
35,3941,35
35,3866,36
35,3898,37
35,3872,38
35,15153,39
35,3907,40
35,2740,41
35,2737,42
35,3878,43
35,3935,44
35,2735,45
35,3887,46
35,3867,47
35,3883,48
35,3862,49
35,3902,50
35,3895,51
35,3916,52
35,3927,53
35,3881,54
35,3869,55
35,3929,56
35,13623,57
35,14547,58
35,1171,59
35,14703,60
36,2612,1
36,15632,2
36,2580,3
36,9129,4
36,2590,5
36,3579,6
36,2589,7
36,3587,8
36,9506,9
36,3622,10
36,3614,11
36,3608,12
36,3593,13
36,3620,14
36,16061,15
36,15784,16
36,3585,17
36,3613,18
36,3589,19
36,15312,20
36,14389,21
36,9132,22
36,14686,23
37,15405,1
37,12064,2
37,11030,3
37,11032,4
37,13473,5
37,11417,6
37,12199,7
37,11848,8
37,14514,9
37,11289,10
37,11290,11
37,11295,12
37,11291,13
37,13921,14
37,12132,15
37,12039,16
37,12040,17
37,12041,18
37,12079,19
37,9671,20
37,6950,21
37,6946,22
37,9411,23
37,6948,24
37,6940,25
37,6937,26
37,6944,27
37,6941,28
37,6254,29
37,6253,30
37,6473,31
37,3830,32
37,3852,33
37,3839,34
37,3807,35
37,3778,36
37,3790,37
37,3794,38
37,3853,39
37,3802,40
37,3846,41
37,3783,42
37,3774,43
37,3827,44
37,3826,45
37,3809,46
37,3761,47
37,3828,48
37,3800,49
37,3771,50
37,3823,51
37,3789,52
37,3834,53
37,16190,54
37,16456,55
37,16670,56
37,16047,57
38,16037,1
38,13068,2
38,10141,3
38,9885,4
38,16808,5
38,16807,6
38,9889,7
38,9890,8
38,7926,9
38,7925,10
38,16416,11
38,7932,12
38,7921,13
38,11560,14
38,8004,15
38,8002,16
38,16655,17
38,7971,18
38,15114,19
38,7977,20
38,7699,21
38,7703,22
38,16680,23
38,7705,24
38,7700,25
38,7691,26
38,1045,27
38,1049,28
38,1043,29
38,7677,30
38,7712,31
38,7695,32
38,14766,33
38,1612,34
38,16375,35
38,16376,36
38,16453,37
38,16390,38
39,10950,1
39,10951,2
39,14486,3
39,14487,4
39,14488,5
39,14445,6
39,14443,7
39,14550,8
39,16700,9
39,16368,10
39,2562,11
39,2526,12
39,11345,13
39,2560,14
39,2533,15
39,2545,16
39,2529,17
39,2548,18
39,11332,19
39,2498,20
39,2483,21
39,2535,22
39,2486,23
39,10659,24
39,2515,25
39,2571,26
39,2568,27
39,2491,28
39,2553,29
39,2495,30
39,2570,31
39,2496,32
39,2531,33
39,2539,34
39,10603,35
39,2566,36
39,2503,37
39,2549,38
39,2552,39
39,9617,40
39,2492,41
39,2521,42
39,2544,43
39,2519,44
39,2540,45
39,2542,46
39,2536,47
39,2563,48
39,2511,49
39,9127,50
39,2576,51
39,2528,52
39,2573,53
39,2523,54
39,2575,55
39,2508,56
39,2517,57
39,9131,58
39,14690,59
40,9855,1
40,3490,2
40,3497,3
40,3500,4
40,3493,5
40,3502,6
40,3509,7
40,3514,8
40,15984,9
40,3496,10
40,3521,11
40,4455,12
40,3528,13
40,3527,14
40,3505,15
40,9943,16
40,15096,17
40,3522,18
40,14190,19
40,3499,20
40,3512,21
40,3515,22
40,13345,23
40,3520,24
40,16424,25
40,3511,26
40,3492,27
40,3504,28
40,763,29
40,16380,30
40,9528,31
40,9529,32
40,9530,33
40,3519,34
40,16014,35
40,12130,36
40,14720,37
40,16241,38
41,15580,1
41,7766,2
41,7764,3
41,11940,4
41,12193,5
41,7992,6
41,15130,7
41,14845,8
41,14861,9
41,16238,10
41,3995,11
41,11321,12
41,10755,13
41,9148,14
41,4036,15
41,3997,16
41,7885,17
41,9153,18
41,4030,19
41,4052,20
41,3976,21
41,16132,22
41,3964,23
41,9801,24
41,9880,25
41,4049,26
41,3983,27
41,3987,28
41,4026,29
41,4011,30
41,4016,31
41,9152,32
41,3972,33
41,3953,34
41,3993,35
41,3999,36
41,3998,37
41,3970,38
41,15994,39
41,4058,40
41,3979,41
41,14867,42
41,11588,43
41,14866,44
41,8765,45
41,8750,46
41,8749,47
41,11069,48
41,14434,49
41,15750,50
41,7902,51
41,7894,52
41,7887,53
41,7883,54
41,7892,55
41,7890,56
41,7889,57
41,15431,58
41,14705,59
42,14955,1
42,3212,2
42,14447,3
42,1828,4
42,1818,5
42,1826,6
42,1823,7
42,1825,8
42,1812,9
42,1805,10
42,1802,11
42,1817,12
42,1822,13
42,1821,14
42,1808,15
42,1814,16
42,1810,17
42,2897,18
42,2893,19
42,2883,20
42,2880,21
42,2877,22
42,2885,23
42,2895,24
42,2889,25
42,2903,26
42,9179,27
42,2905,28
42,2899,29
42,2900,30
42,2882,31
42,14116,32
42,2909,33
42,2891,34
42,2907,35
42,2879,36
42,11071,37
42,12017,38
42,12018,39
42,15006,40
42,12019,41
42,12020,42
42,12021,43
42,12022,44
42,12023,45
42,12024,46
42,12025,47
42,12049,48
42,12026,49
42,6562,50
42,10833,51
42,6559,52
42,10237,53
42,10236,54
42,10834,55
42,10835,56
42,16249,57
42,11563,58
42,11564,59
42,11565,60
43,11251,1
43,10530,2
43,5732,3
43,11252,4
43,11253,5
43,11254,6
43,12197,7
43,11558,8
43,4060,9
43,10601,10
43,4065,11
43,4078,12
43,4131,13
43,4082,14
43,4099,15
43,4105,16
43,4091,17
43,4097,18
43,13342,19
43,16418,20
43,16414,21
43,4122,22
43,4092,23
43,4110,24
43,4128,25
43,4062,26
43,4087,27
43,4080,28
43,4064,29
43,4063,30
43,4072,31
43,4103,32
43,4124,33
43,4086,34
43,4132,35
43,4076,36
43,4096,37
43,4084,38
43,4116,39
43,4118,40
43,4069,41
43,13696,42
43,4093,43
43,3539,44
43,16453,45
43,16394,46
44,12120,1
44,12121,2
44,12122,3
44,4289,4
44,4342,5
44,4326,6
44,4380,7
44,4378,8
44,4307,9
44,4361,10
44,4384,11
44,4347,12
44,4280,13
44,4301,14
44,4343,15
44,4273,16
44,4350,17
44,4699,18
44,14721,19
45,15789,1
45,4332,2
45,4282,3
45,4277,4
45,4340,5
45,4377,6
45,11044,7
45,4272,8
45,4275,9
45,4330,10
45,4321,11
45,4386,12
45,4323,13
45,4313,14
45,4374,15
45,15748,16
45,14891,17
45,4371,18
45,4288,19
45,4286,20
45,4372,21
45,4375,22
45,4334,23
45,4302,24
45,4320,25
45,4336,26
45,4325,27
45,4388,28
45,4317,29
45,4300,30
45,4390,31
45,4305,32
45,4337,33
45,4359,34
45,4356,35
45,4346,36
45,4284,37
45,4365,38
45,4299,39
45,5134,40
45,4295,41
45,4315,42
45,13447,43
45,4383,44
45,16020,45
45,12130,46
45,14724,47
46,14723,1
46,16241,2
46,4291,3
46,4382,4
46,4338,5
46,4314,6
46,4294,7
46,4391,8
46,4298,9
46,6010,10
46,6011,11
46,5494,12
46,5498,13
46,5496,14
46,5500,15
46,6001,16
46,6004,17
46,14849,18
46,5657,19
46,5612,20
46,5610,21
46,2865,22
46,2866,23
46,5625,24
46,5656,25
46,5649,26
46,5653,27
46,6158,28
46,5607,29
46,5641,30
46,5596,31
46,5614,32
46,5592,33
46,5597,34
46,5652,35
46,5599,36
46,5593,37
46,5639,38
46,5633,39
46,5622,40
46,5631,41
46,5655,42
46,5628,43
46,5620,44
46,5635,45
46,5616,46
46,15883,47
46,5590,48
46,5617,49
46,5602,50
46,5648,51
46,5646,52
46,9258,53
46,9259,54
46,9726,55
46,9835,56
46,9824,57
47,5218,1
47,5527,2
47,5528,3
47,15191,4
47,5204,5
47,5220,6
47,5215,7
47,5211,8
47,5225,9
47,5209,10
47,5210,11
47,4408,12
47,16556,13
47,4410,14
47,4404,15
47,4401,16
47,4399,17
47,5214,18
47,5207,19
47,11578,20
47,11715,21
47,733,22
47,699,23
47,721,24
47,741,25
47,713,26
47,747,27
47,727,28
47,725,29
47,715,30
47,703,31
47,710,32
47,740,33
47,717,34
47,719,35
47,737,36
47,15844,37
47,731,38
47,735,39
47,701,40
47,708,41
47,706,42
47,609,43
47,605,44
47,611,45
47,614,46
47,1675,47
47,1677,48
48,14752,1
48,1513,2
48,1520,3
48,1515,4
48,1521,5
48,1511,6
48,1518,7
48,1510,8
48,16,9
48,13,10
48,15,11
48,19,12
48,11,13
48,1482,14
48,1468,15
48,1495,16
48,1502,17
48,1487,18
48,6010,19
48,1489,20
48,1496,21
48,13134,22
48,15894,23
48,1473,24
48,1505,25
48,15541,26
48,1498,27
48,1501,28
48,1477,29
48,1475,30
48,1494,31
49,1269,1
49,1271,2
49,1274,3
49,1272,4
49,1348,5
49,550,6
49,513,7
49,546,8
49,534,9
49,595,10
49,510,11
49,594,12
49,581,13
49,597,14
49,488,15
49,1200,16
49,1203,17
49,14720,18
50,16046,1
50,9901,2
50,1163,3
50,762,4
50,672,5
50,671,6
50,677,7
50,692,8
50,678,9
50,675,10
50,665,11
50,681,12
50,695,13
50,15438,14
50,674,15
50,698,16
50,684,17
50,690,18
50,685,19
50,689,20
50,13484,21
50,1249,22
51,14670,1
51,13898,2
51,15702,3
51,2304,4
51,16332,5
51,2270,6
51,2234,7
51,2238,8
51,16123,9
51,2308,10
51,2312,11
51,2284,12
51,2252,13
51,5439,14
51,15069,15
51,9159,16
51,5424,17
51,9165,18
51,16144,19
51,5459,20
51,5453,21
51,5484,22
51,5481,23
51,5427,24
51,5478,25
51,9158,26
51,5492,27
51,5432,28
51,5451,29
51,5421,30
51,10757,31
51,5447,32
51,5450,33
51,13688,34
51,14621,35
51,5476,36
51,9167,37
51,5457,38
51,5461,39
51,5433,40
51,5490,41
51,5488,42
51,9168,43
51,5442,44
51,5471,45
51,5463,46
51,5431,47
51,5438,48
51,5460,49
51,5445,50
51,5480,51
51,6142,52
51,12816,53
51,6148,54
51,3129,55
51,9116,56
52,15184,1
52,14725,2
52,5388,3
52,5380,4
52,5375,5
52,5368,6
52,5336,7
52,5376,8
52,5386,9
52,5411,10
52,5339,11
52,5338,12
52,5349,13
52,5348,14
52,5410,15
52,14734,16
52,14735,17
52,5390,18
52,5344,19
52,5354,20
52,5361,21
52,5334,22
52,5364,23
52,5404,24
52,5351,25
52,5341,26
52,5367,27
52,5382,28
52,5393,29
52,5357,30
52,5358,31
52,5345,32
52,5342,33
52,5379,34
52,5396,35
52,5398,36
52,5415,37
52,5413,38
52,5387,39
52,5406,40
52,6044,41
52,6047,42
52,5000,43
52,5004,44
52,4994,45
52,4982,46
52,4983,47
52,4988,48
52,4971,49
52,13699,50
52,4991,51
52,4978,52
52,4993,53
52,4984,54
52,4979,55
52,4972,56
52,4976,57
52,4973,58
52,4986,59
52,4753,60
52,4752,61
52,4746,62
52,4748,63
52,4749,64
52,4766,65
52,11559,66
52,4763,67
52,4761,68
52,4757,69
52,4756,70
52,15014,71
52,4768,72
52,5758,73
52,5759,74
52,5764,75
52,5761,76
52,15015,77
52,5755,78
52,16251,79
52,14061,80
53,14684,1
53,15282,2
53,14447,3
53,8975,4
53,9034,5
53,9024,6
53,8955,7
53,9058,8
53,8217,9
53,8246,10
53,8230,11
53,8245,12
53,15238,13
53,15239,14
53,8211,15
53,8236,16
53,8226,17
53,8212,18
53,8214,19
53,8228,20
53,6142,21
53,12816,22
53,8237,23
53,13339,24
53,8209,25
53,8243,26
53,8234,27
53,8221,28
53,16013,29
53,9344,30
53,9345,31
53,9346,32
53,9347,33
53,9780,34
53,14256,35
53,10478,36
53,9781,37
53,16247,38
53,9783,39
53,9828,40
53,9881,41
53,9829,42
53,9830,43
53,10919,44
53,12076,45
53,11606,46
53,14374,47
53,11608,48
53,14375,49
53,14376,50
53,14377,51
53,14981,52
53,16255,53
53,14380,54
53,14382,55
53,14984,56
53,14985,57
53,14988,58
53,14266,59
53,14107,60
53,14982,61
53,14264,62
53,14086,63
53,14990,64
54,14673,1
54,13898,2
54,15702,3
54,2304,4
54,16332,5
54,2270,6
54,2234,7
54,2238,8
54,16123,9
54,2308,10
54,2312,11
54,2284,12
54,2252,13
54,5439,14
54,15069,15
54,9159,16
54,5424,17
54,9165,18
54,16144,19
54,5459,20
54,5455,21
54,5323,22
54,16353,23
54,5261,24
54,9156,25
54,5259,26
54,5275,27
54,5313,28
54,5312,29
54,5245,30
54,5328,31
54,16527,32
54,5305,33
54,16526,34
54,5330,35
54,5255,36
54,5325,37
54,11676,38
54,5243,39
54,5254,40
54,5279,41
54,5311,42
54,5294,43
54,9930,44
54,5286,45
54,5239,46
54,5229,47
54,5290,48
54,5242,49
54,5235,50
54,5233,51
54,5273,52
54,5307,53
54,9503,54
54,5274,55
54,5264,56
54,5316,57
54,5297,58
54,5319,59
54,5299,60
54,5302,61
54,5266,62
54,5228,63
54,5281,64
54,4423,65
54,4419,66
54,4418,67
54,5284,68
54,4425,69
54,4422,70
54,11185,71
54,4414,72
54,4413,73
54,5291,74
54,5303,75
54,5251,76
54,16250,77
54,5250,78
54,16809,79
54,6530,80
54,9967,81
54,9969,82
54,9970,83
55,11053,1
55,11054,2
55,11055,3
55,11056,4
55,11057,5
55,11058,6
55,11059,7
55,15854,8
55,9961,9
55,9962,10
55,9963,11
55,9964,12
55,5027,13
55,15987,14
55,5018,15
55,3869,16
55,3929,17
55,13623,18
55,14547,19
55,1171,20
55,14700,21
56,14649,1
56,16478,2
56,970,3
56,965,4
56,964,5
56,961,6
56,969,7
56,968,8
56,9446,9
56,9447,10
56,5753,11
56,7982,12
56,5136,13
56,5140,14
56,5141,15
56,5138,16
56,5148,17
56,2285,18
56,2313,19
56,2309,20
56,16040,21
56,2239,22
56,2235,23
56,2269,24
56,2295,25
56,2305,26
56,2268,27
56,14950,28
56,8958,29
56,14670,30
57,10478,1
57,9781,2
57,11251,3
57,10530,4
57,5732,5
57,5681,6
57,14398,7
57,5721,8
57,16287,9
57,5710,10
57,5743,11
57,5703,12
57,5722,13
57,5687,14
57,5709,15
57,5701,16
57,5707,17
57,5728,18
57,5715,19
57,5739,20
57,5741,21
57,5751,22
57,5700,23
57,5683,24
57,5734,25
57,5692,26
57,5699,27
57,5723,28
57,5686,29
57,5725,30
57,5682,31
57,5695,32
57,5729,33
57,5724,34
57,5713,35
57,5735,36
57,5737,37
57,15991,38
57,5749,39
57,5718,40
57,5697,41
57,1038,42
57,16453,43
57,16392,44
59,14732,1
59,5390,2
59,5344,3
59,5354,4
59,5361,5
59,5334,6
59,5364,7
59,5404,8
59,5351,9
59,9864,10
59,9865,11
59,9866,12
59,9867,13
59,9868,14
59,9869,15
59,9870,16
59,5114,17
59,16652,18
59,5112,19
59,4923,20
59,4927,21
59,4924,22
59,9984,23
59,4928,24
59,4929,25
59,4933,26
59,4925,27
59,4931,28
59,5540,29
59,5543,30
59,5546,31
59,5548,32
59,11517,33
59,5545,34
59,4886,35
59,6150,36
59,5997,37
59,5099,38
59,5103,39
59,5101,40
59,15049,41
59,5106,42
59,5109,43
59,5871,44
59,5873,45
60,14687,1
60,15282,2
60,14447,3
60,8975,4
60,9034,5
60,9024,6
60,8955,7
60,8317,8
60,8300,9
60,8280,10
60,8291,11
60,8263,12
60,8314,13
60,8261,14
60,8265,15
60,8311,16
60,8293,17
60,8267,18
60,8269,19
60,8274,20
60,8257,21
60,8255,22
60,16419,23
60,8264,24
60,1598,25
60,1591,26
60,1595,27
60,15579,28
60,1602,29
60,1593,30
60,8286,31
60,8253,32
60,8295,33
60,8296,34
60,8302,35
60,8307,36
60,8316,37
60,8297,38
60,8288,39
60,8303,40
60,8312,41
60,8277,42
60,8298,43
60,8273,44
60,8283,45
60,8285,46
60,9822,47
60,9263,48
60,9264,49
60,9823,50
60,10854,51
60,10855,52
60,10856,53
60,10857,54
60,10858,55
60,10859,56
60,10860,57
61,14189,1
61,72,2
61,54,3
61,60,4
61,53,5
61,11238,6
61,4790,7
61,4777,8
61,4798,9
61,4771,10
61,4785,11
61,4791,12
61,4792,13
61,4780,14
61,4778,15
61,4788,16
61,4784,17
61,4796,18
61,4793,19
61,11488,20
61,2394,21
61,2374,22
61,2342,23
61,14675,24
62,14739,1
62,5006,2
62,16684,3
62,4869,4
62,2852,5
62,5524,6
62,5794,7
62,5797,8
62,5780,9
62,5778,10
62,5773,11
62,5792,12
62,5786,13
62,5782,14
62,5783,15
62,5777,16
62,5775,17
62,5799,18
62,5791,19
62,5770,20
62,5789,21
62,5768,22
62,659,23
62,651,24
62,649,25
62,660,26
62,3371,27
62,1769,28
62,1762,29
62,1767,30
62,1760,31
62,1763,32
62,1758,33
62,1108,34
63,9895,1
63,2380,2
63,5904,3
63,5897,4
63,5905,5
63,5910,6
63,5912,7
63,5900,8
63,15985,9
63,5916,10
63,5913,11
63,5908,12
63,5898,13
63,5958,14
63,16487,15
63,13895,16
63,5970,17
63,5977,18
63,5975,19
63,9857,20
63,5974,21
63,5971,22
63,5960,23
63,5957,24
63,5955,25
63,5962,26
63,5952,27
63,5979,28
63,6850,29
63,11691,30
63,13624,31
63,13625,32
63,14536,33
63,14537,34
63,14538,35
63,14539,36
63,14540,37
64,6213,1
64,5115,2
64,5116,3
64,6211,4
64,6098,5
64,6099,6
64,5535,7
64,5538,8
64,5533,9
64,11826,10
64,14740,11
65,14641,1
65,6638,2
65,6649,3
65,6652,4
65,6654,5
65,6634,6
65,6650,7
65,6641,8
65,6635,9
65,6647,10
65,6644,11
65,10229,12
65,6632,13
65,6640,14
65,9535,15
65,5996,16
65,15512,17
65,15515,18
65,15128,19
66,14742,1
66,16408,2
66,6771,3
66,6767,4
66,6778,5
66,6794,6
66,6777,7
66,6775,8
66,13426,9
66,6260,10
66,6259,11
66,11091,12
66,10124,13
66,10125,14
66,10126,15
66,10127,16
66,10128,17
66,13697,18
66,10129,19
66,10130,20
66,10116,21
66,14542,22
66,14543,23
66,14544,24
66,14545,25
66,16403,26
67,6339,1
67,6657,2
67,6734,3
67,6678,4
67,6699,5
67,9827,6
67,6719,7
67,6692,8
67,6739,9
67,6664,10
67,6673,11
67,6723,12
67,6718,13
67,6747,14
67,6759,15
67,6715,16
67,6701,17
67,6670,18
67,6741,19
67,6686,20
67,6000,21
67,6728,22
67,6757,23
67,6710,24
67,15368,25
67,6755,26
67,6752,27
67,6750,28
67,6688,29
67,6671,30
67,6706,31
67,6682,32
67,6694,33
67,6761,34
67,6658,35
67,6690,36
67,1906,37
67,6345,38
67,14786,39
68,1842,1
68,1863,2
68,1623,3
68,1625,4
68,1622,5
68,15013,6
68,1626,7
68,1621,8
68,16643,9
68,12138,10
68,8563,11
68,8613,12
68,8575,13
68,8551,14
68,8600,15
68,8593,16
68,8557,17
68,8559,18
68,8530,19
68,8534,20
68,8595,21
68,8547,22
68,14187,23
68,8581,24
68,8536,25
68,8586,26
68,8611,27
68,8562,28
68,8544,29
68,8560,30
68,8584,31
68,8591,32
68,8529,33
68,8546,34
68,8598,35
68,8538,36
68,8573,37
68,8542,38
68,8527,39
68,8565,40
68,14275,41
68,8541,42
68,8569,43
68,8589,44
68,8616,45
68,8533,46
68,10533,47
68,10534,48
68,10535,49
68,10536,50
68,14149,51
68,10537,52
68,10538,53
68,10539,54
68,10540,55
68,10541,56
68,10542,57
68,14429,58
68,10543,59
68,10544,60
68,10545,61
68,10546,62
68,10547,63
68,14244,64
68,14245,65
68,14246,66
68,14247,67
68,15808,68
68,14248,69
69,16639,1
69,10604,2
69,3162,3
69,3160,4
69,3164,5
69,3163,6
69,9905,7
69,8554,8
69,8549,9
69,8578,10
69,8580,11
69,4235,12
69,4232,13
69,4205,14
69,7563,15
69,7551,16
69,7547,17
69,15011,18
69,4217,19
69,4259,20
69,4260,21
69,4246,22
69,4214,23
69,16719,24
69,3361,25
69,3366,26
69,4624,27
69,4626,28
69,3378,29
69,3381,30
69,3377,31
70,14643,1
70,4903,2
70,4914,3
70,4912,4
70,4907,5
70,4900,6
70,4902,7
70,4910,8
70,4899,9
70,5931,10
70,5921,11
70,5928,12
70,5944,13
70,5942,14
70,5930,15
70,5934,16
70,7997,17
70,5925,18
70,16683,19
70,5919,20
70,5940,21
70,5936,22
70,11828,23
70,6153,24
70,6152,25
70,4920,26
70,4919,27
70,4918,28
71,14755,1
71,7053,2
71,7060,3
71,7073,4
71,7047,5
71,7064,6
71,7070,7
71,7057,8
71,7058,9
71,7068,10
71,7062,11
71,6417,12
71,6957,13
71,6963,14
71,6953,15
71,6956,16
71,6959,17
71,6961,18
71,6504,19
71,13441,20
71,13442,21
71,8716,22
71,8780,23
71,8718,24
71,8755,25
71,8759,26
71,9323,27
71,14610,28
71,14535,29
71,14533,30
72,16604,1
72,9126,2
72,1973,3
72,16197,4
72,3634,5
72,9508,6
72,3689,7
72,2978,8
72,2986,9
72,8361,10
72,8362,11
72,8345,12
72,8357,13
72,8347,14
72,8348,15
72,12127,16
72,2927,17
72,16696,18
72,5988,19
72,15149,20
72,2992,21
72,2994,22
72,3000,23
72,2989,24
72,2990,25
72,16521,26
72,6628,27
72,6629,28
72,6631,29
72,16657,30
72,15881,31
72,6289,32
72,6287,33
72,6284,34
72,6292,35
72,5058,36
72,6288,37
72,6291,38
72,6290,39
72,6286,40
72,6317,41
72,6314,42
72,6319,43
73,14751,1
73,1513,2
73,1520,3
73,1515,4
73,1521,5
73,1511,6
73,1518,7
73,1510,8
73,6971,9
73,7024,10
73,6996,11
73,6981,12
73,6985,13
73,7018,14
73,6970,15
73,6993,16
73,7002,17
73,7029,18
73,6979,19
73,7034,20
73,7038,21
73,7040,22
73,7005,23
73,7026,24
73,6991,25
73,7365,26
73,7368,27
73,7443,28
73,14262,29
73,7445,30
73,7446,31
73,7439,32
73,6233,33
73,6217,34
73,14315,35
73,6225,36
73,6222,37
73,6215,38
73,6219,39
73,6221,40
73,6232,41
73,6228,42
73,11718,43
73,1688,44
73,1680,45
73,1681,46
73,1683,47
73,1685,48
73,11045,49
73,3275,50
73,3277,51
73,3280,52
73,3283,53
73,3266,54
73,10809,55
73,3269,56
73,3285,57
73,13427,58
73,13428,59
73,13429,60
73,13430,61
73,13431,62
74,14671,1
74,13898,2
74,16331,3
74,15702,4
74,2304,5
74,16332,6
74,5843,7
74,5832,8
74,5803,9
74,5811,10
74,5834,11
74,5809,12
74,16458,13
74,5823,14
74,6119,15
74,6112,16
74,7503,17
74,15306,18
75,7309,1
75,7326,2
75,6537,3
75,6400,4
75,7335,5
75,6401,6
75,6373,7
75,7308,8
75,7321,9
75,7333,10
75,7306,11
75,7311,12
75,7319,13
75,7313,14
75,7331,15
75,7328,16
75,7329,17
75,7323,18
75,7317,19
75,7315,20
75,14371,21
75,6477,22
76,14753,1
76,6975,2
76,7036,3
76,7032,4
76,7007,5
76,7017,6
76,6984,7
76,7020,8
76,7043,9
76,6995,10
76,7023,11
76,7028,12
76,7008,13
76,7014,14
76,6977,15
76,7013,16
76,7001,17
76,7031,18
76,6989,19
76,13361,20
76,5191,21
76,5194,22
76,15982,23
77,15092,1
77,7049,2
77,7056,3
77,7067,4
77,6608,5
77,7448,6
77,6305,7
77,6303,8
77,6302,9
77,6304,10
77,6923,11
77,15146,12
77,10661,13
77,10662,14
77,10673,15
77,10675,16
77,10995,17
77,7453,18
78,14810,1
78,11333,2
78,3264,3
78,3260,4
78,8398,5
78,8399,6
78,8373,7
78,8372,8
78,8342,9
78,7955,10
78,8389,11
78,8391,12
78,8396,13
78,8392,14
78,8402,15
78,7984,16
78,8370,17
78,8368,18
78,7754,19
78,7755,20
78,7592,21
78,7589,22
78,7588,23
78,7591,24
79,14756,1
79,7053,2
79,7060,3
79,7073,4
79,7047,5
79,7064,6
79,7070,7
79,7057,8
79,7058,9
79,7068,10
79,7062,11
79,6417,12
79,6800,13
79,6795,14
79,6797,15
79,6395,16
79,6394,17
79,6392,18
79,6398,19
79,7090,20
79,7086,21
79,7082,22
79,7084,23
79,7088,24
79,7099,25
79,7093,26
79,7076,27
79,13451,28
79,7102,29
79,7103,30
79,15675,31
79,7096,32
79,5377,33
79,5414,34
79,5397,35
79,5395,36
79,2824,37
79,3206,38
79,3205,39
79,3021,40
80,15715,1
80,15718,2
80,10129,3
80,10130,4
80,10116,5
80,14542,6
80,14543,7
80,14544,8
80,14545,9
80,16403,10
80,14854,11
80,14829,12
80,14831,13
80,5174,14
80,5202,15
80,11584,16
80,11585,17
80,11586,18
80,6978,19
80,7015,20
80,16743,21
80,6987,22
80,6880,23
80,6899,24
80,10655,25
80,6895,26
80,6918,27
80,6874,28
80,6883,29
80,6897,30
80,16245,31
80,6872,32
80,6900,33
80,6885,34
80,6904,35
80,9407,36
80,11119,37
80,1633,38
80,9108,39
82,14750,1
82,6329,2
82,6334,3
82,6338,4
82,6332,5
82,6336,6
82,7336,7
82,6402,8
82,6403,9
82,6399,10
82,6351,11
82,7377,12
82,7378,13
83,14650,1
83,1183,2
83,1199,3
83,1196,4
83,1182,5
83,1190,6
83,1188,7
83,1197,8
83,1186,9
83,1193,10
83,11377,11
83,11145,12
83,1240,13
83,1238,14
83,849,15
83,851,16
83,13536,17
83,853,18
84,14774,1
84,16233,2
84,7295,3
84,7269,4
84,7273,5
84,7292,6
84,7265,7
84,7266,8
84,7285,9
84,7270,10
84,7290,11
84,7282,12
84,7298,13
84,7300,14
84,7262,15
84,14659,16
84,7275,17
84,4598,18
84,4596,19
84,6076,20
84,3108,21
84,3106,22
84,3113,23
84,6071,24
84,6072,25
84,13438,26
84,6087,27
84,6064,28
84,6058,29
84,6063,30
84,6092,31
84,6080,32
84,6068,33
84,6057,34
84,6079,35
84,6085,36
84,5891,37
84,5890,38
84,5881,39
84,5879,40
84,5876,41
84,5894,42
84,9183,43
84,9181,44
84,5864,45
84,5858,46
84,5861,47
84,5852,48
84,5853,49
84,5868,50
84,5854,51
84,5857,52
84,5867,53
84,6144,54
84,12088,55
84,1592,56
84,15572,57
85,5519,1
85,13068,2
85,5043,3
85,6357,4
85,6355,5
85,6354,6
85,5041,7
85,5038,8
85,5123,9
85,14357,10
85,6472,11
85,7198,12
85,7180,13
85,9813,14
85,7158,15
85,7182,16
85,13887,17
85,13888,18
85,7213,19
85,11670,20
85,7195,21
85,7176,22
85,14123,23
85,7236,24
85,15245,25
85,7239,26
85,9779,27
85,10676,28
85,9319,29
85,13902,30
85,7160,31
85,7134,32
85,7137,33
85,7223,34
85,7135,35
85,7138,36
85,7256,37
85,9965,38
85,4592,39
85,7207,40
85,9859,41
85,11258,42
85,7208,43
85,7248,44
85,7193,45
85,7211,46
85,7166,47
85,7164,48
85,7187,49
85,6054,50
85,7218,51
85,15244,52
85,14974,53
85,15018,54
85,7197,55
85,16768,56
85,7155,57
85,16771,58
85,7149,59
85,7255,60
85,16731,61
85,7229,62
85,7251,63
85,9513,64
85,7245,65
85,7161,66
85,7191,67
85,7226,68
85,14631,69
86,6528,1
86,9672,2
86,6575,3
86,6578,4
86,6568,5
86,6566,6
86,6570,7
86,10914,8
86,16341,9
86,6625,10
86,6620,11
86,6493,12
86,6484,13
86,6491,14
86,13694,15
86,6495,16
86,15911,17
86,15910,18
86,15909,19
86,15907,20
86,6486,21
86,15905,22
86,2282,23
86,2257,24
86,2288,25
86,2242,26
86,15902,27
86,15901,28
86,1040,29
86,2293,30
86,2260,31
86,1033,32
86,15278,33
86,1038,34
86,14710,35
87,14738,1
87,2855,2
87,9457,3
87,9458,4
87,9459,5
87,9460,6
87,9461,7
87,3168,8
87,3166,9
87,1782,10
87,2228,11
87,1780,12
87,1778,13
87,9462,14
87,9630,15
87,9463,16
87,9479,17
87,9464,18
87,9465,19
87,9466,20
87,9467,21
87,857,22
87,864,23
87,862,24
87,855,25
87,860,26
87,653,27
87,656,28
87,659,29
87,651,30
87,649,31
87,660,32
87,14638,33
88,14819,1
88,7504,2
88,6111,3
88,10686,4
88,8145,5
88,8620,6
88,7985,7
88,7987,8
88,7989,9
88,7525,10
88,8325,11
88,8327,12
88,8333,13
88,8329,14
88,8332,15
88,11621,16
88,7981,17
88,5752,18
88,2979,19
88,2980,20
88,4520,21
88,8349,22
88,8350,23
88,8358,24
88,8344,25
88,9498,26
88,8352,27
88,8363,28
88,8366,29
88,7545,30
88,7546,31
88,8781,32
88,9790,33
88,16569,34
88,12838,35
88,16685,36
89,13467,1
89,8697,2
89,8724,3
89,8761,4
89,7439,5
89,7442,6
89,7441,7
89,7444,8
89,16052,9
89,8712,10
89,6173,11
89,6175,12
89,16055,13
89,16057,14
89,8778,15
89,8715,16
89,8707,17
89,14518,18
89,8744,19
89,8734,20
89,8703,21
89,8694,22
89,8760,23
89,8754,24
89,8719,25
89,9677,26
89,7447,27
89,13196,28
89,8700,29
89,8730,30
89,8762,31
89,8765,32
89,8750,33
89,8749,34
89,11069,35
89,14434,36
89,15750,37
89,7902,38
89,7894,39
89,7887,40
89,7883,41
89,7892,42
89,7890,43
89,7889,44
89,14706,45
90,14678,1
90,2380,2
90,5904,3
90,5897,4
90,11835,5
90,8405,6
90,8403,7
90,8410,8
90,8414,9
90,8417,10
90,8416,11
90,8420,12
90,14335,13
90,14336,14
90,14779,15
91,14804,1
91,3200,2
91,3203,3
91,3199,4
91,3196,5
91,3198,6
91,8908,7
91,8907,8
91,5930,9
91,5934,10
91,7634,11
91,7632,12
91,7633,13
91,7829,14
91,16239,15
91,15822,16
91,7540,17
91,7529,18
91,7530,19
91,7537,20
91,7534,21
91,8104,22
91,8111,23
91,8106,24
91,8113,25
91,8108,26
91,8338,27
91,8335,28
91,8336,29
91,8341,30
91,7595,31
91,7594,32
91,8056,33
91,16472,34
91,8046,35
91,8055,36
91,13436,37
91,8377,38
91,8384,39
91,8375,40
91,8388,41
91,8381,42
91,8379,43
91,7567,44
91,8367,45
91,7913,46
91,7916,47
91,7915,48
91,8103,49
91,9075,50
91,16688,51
92,14146,1
92,14273,2
92,8921,3
92,8930,4
92,8926,5
92,8922,6
92,8912,7
92,8910,8
92,8918,9
92,15612,10
92,14805,11
93,8018,1
93,8021,2
93,7800,3
93,7801,4
93,8022,5
93,8139,6
93,8141,7
93,8078,8
93,5929,9
93,8927,10
93,8929,11
93,8913,12
93,3197,13
93,3202,14
93,3204,15
93,3201,16
93,14804,17
94,14642,1
94,6638,2
94,6649,3
94,8632,4
94,8631,5
94,8637,6
94,8629,7
94,8627,8
94,14797,9
94,14798,10
94,8640,11
94,8624,12
94,8634,13
94,8038,14
94,7850,15
94,7849,16
94,7818,17
94,7805,18
94,7802,19
94,16792,20
94,16793,21
94,7807,22
94,7814,23
94,5973,24
94,14745,25
95,14812,1
95,11333,2
95,3260,3
95,3262,4
95,3254,5
95,3252,6
95,3257,7
95,3259,8
95,9188,9
95,7468,10
95,7472,11
95,7467,12
95,7465,13
95,9076,14
95,9084,15
95,9086,16
95,9070,17
95,9085,18
95,9075,19
95,16688,20
95,9072,21
95,8025,22
95,8028,23
95,8027,24
95,6371,25
95,6368,26
95,7687,27
95,7690,28
95,7719,29
95,7673,30
95,7715,31
95,7678,32
95,14317,33
95,7721,34
95,7693,35
95,9621,36
95,9622,37
95,7696,38
95,7706,39
95,7680,40
95,7688,41
95,7684,42
95,7709,43
95,7683,44
95,7717,45
95,7694,46
95,7711,47
95,7676,48
95,1044,49
95,1048,50
95,1046,51
95,1052,52
95,1051,53
95,7704,54
95,7702,55
95,7698,56
95,9468,57
95,9469,58
95,10514,59
95,10515,60
95,10516,61
95,10517,62
95,10518,63
95,10519,64
95,10520,65
95,12544,66
95,16023,67
95,7198,68
95,16127,69
95,16128,70
95,12748,71
96,14807,1
96,8891,2
96,8890,3
96,8841,4
96,8838,5
96,8883,6
96,8846,7
96,8840,8
96,1654,9
96,15235,10
96,1661,11
96,1659,12
96,14800,13
96,13470,14
96,1656,15
96,8870,16
96,8857,17
96,8876,18
96,8843,19
96,8851,20
96,8869,21
96,8833,22
96,8866,23
96,8881,24
96,8872,25
96,8888,26
96,8856,27
96,8862,28
96,8879,29
96,8850,30
96,15755,31
96,8844,32
96,8854,33
96,8885,34
96,8524,35
96,6233,36
96,6217,37
96,14315,38
96,6225,39
96,7723,40
96,7735,41
96,7732,42
96,3548,43
96,3546,44
96,7727,45
96,7730,46
96,7823,47
96,7820,48
96,7729,49
96,7569,50
96,15749,51
96,11540,52
96,11541,53
96,16624,54
96,11577,55
96,7875,56
96,7877,57
96,7862,58
96,7865,59
96,7867,60
96,11272,61
96,15403,62
96,7860,63
96,14254,64
96,2600,65
96,11292,66
96,14564,67
96,14565,68
96,14566,69
96,14567,70
96,14568,71
96,11085,72
96,11086,73
96,11087,74
96,11088,75
96,11089,76
96,11090,77
96,11074,78
97,12003,1
97,12043,2
97,12044,3
97,12045,4
97,12046,5
97,12004,6
97,8309,7
97,8299,8
97,9059,9
97,15783,10
97,9031,11
97,15782,12
97,8976,13
97,9013,14
97,9003,15
97,8989,16
97,9015,17
97,8971,18
97,8982,19
97,9033,20
97,13869,21
97,8983,22
97,9050,23
97,8990,24
97,9021,25
97,8964,26
97,8891,27
97,8940,28
97,8934,29
97,8945,30
97,8947,31
97,8943,32
97,15277,33
97,9064,34
97,9028,35
97,8985,36
97,8974,37
97,9039,38
97,9020,39
97,8969,40
97,8998,41
97,9023,42
97,8960,43
97,16092,44
97,9030,45
97,15709,46
97,8981,47
97,14950,48
97,8958,49
97,1673,50
97,1668,51
97,1669,52
97,10800,53
97,4732,54
97,9053,55
97,14818,56
98,9176,1
98,8217,2
98,10445,3
98,8790,4
98,8817,5
98,8812,6
98,8796,7
98,8814,8
98,8828,9
98,8799,10
98,8825,11
98,8820,12
98,8792,13
98,8804,14
98,8794,15
98,8798,16
98,8818,17
98,8802,18
98,8806,19
98,8807,20
98,16355,21
98,8823,22
98,16647,23
98,1535,24
98,14771,25
98,14773,26
98,16233,27
98,7108,28
98,7118,29
98,7109,30
98,7111,31
98,7125,32
98,7115,33
98,7114,34
98,7121,35
98,7123,36
98,7120,37
98,6378,38
98,6413,39
98,6406,40
98,6408,41
98,6411,42
98,6278,43
98,6276,44
98,6281,45
98,6283,46
98,6275,47
98,6280,48
99,7495,1
99,7502,2
99,13457,3
99,7497,4
99,2622,5
99,2597,6
99,3891,7
99,3892,8
99,10447,9
99,3893,10
99,3885,11
99,3894,12
99,3876,13
99,3930,14
99,3873,15
99,3921,16
100,4720,1
100,4725,2
100,4724,3
100,4729,4
100,4726,5
100,11259,6
100,11229,7
100,11230,8
100,11260,9
100,4731,10
100,16664,11
100,11338,12
100,4728,13
100,4633,14
100,3475,15
100,3474,16
100,3693,17
100,9141,18
100,3634,19
100,9508,20
100,3689,21
100,2978,22
100,2986,23
100,4518,24
100,2977,25
100,8012,26
100,12127,27
100,2927,28
100,16696,29
100,5988,30
100,16623,31
100,16621,32
100,653,33
100,656,34
100,659,35
100,651,36
100,649,37
100,660,38
100,14635,39
101,14803,1
101,13470,2
101,1656,3
101,8870,4
101,8857,5
101,8876,6
101,8843,7
101,8851,8
101,14141,9
101,16444,10
101,4045,11
101,4003,12
101,4047,13
101,16130,14
101,16129,15
101,16131,16
101,16514,17
101,16515,18
101,3977,19
101,4051,20
101,6075,21
101,6070,22
101,14367,23
101,15913,24
101,16345,25
101,16560,26
101,3106,27
101,3113,28
101,4678,29
101,3303,30
101,4635,31
101,4638,32
101,3404,33
101,3405,34
101,4432,35
101,4043,36
101,9149,37
101,15653,38
101,15565,39
102,16642,1
102,4629,2
102,1559,3
102,6103,4
102,4628,5
102,1556,6
102,1562,7
102,4623,8
102,1566,9
102,1569,10
102,1561,11
102,1552,12
102,4622,13
102,4624,14
102,4626,15
102,4247,16
102,4211,17
102,4223,18
102,4241,19
102,4253,20
102,4258,21
102,4269,22
102,4250,23
102,2860,24
102,2861,25
102,4466,26
102,5557,27
102,5552,28
102,5584,29
102,5564,30
102,5569,31
102,15535,32
102,5582,33
102,5576,34
102,5554,35
102,5561,36
102,5585,37
102,5580,38
102,4468,39
102,4471,40
102,5588,41
102,5573,42
102,15855,43
102,13700,44
102,9333,45
102,12603,46
102,13629,47
102,13630,48
102,13631,49
102,14608,50
102,13632,51
102,16574,52
102,13633,53
102,13634,54
102,13635,55
102,13636,56
102,14157,57
102,13637,58
102,13638,59
102,13639,60
102,13640,61
102,13641,62
102,13642,63
102,13643,64
102,13644,65
102,13645,66
102,13646,67
102,13647,68
102,14324,69
102,14339,70
102,15670,71
102,15391,72
102,16281,73
102,15392,74
102,15393,75
102,15394,76
102,15395,77
102,15382,78
102,15381,79
103,14954,1
103,13898,2
103,16331,3
103,15702,4
103,2304,5
103,5813,6
103,5806,7
103,5816,8
103,11995,9
103,5804,10
103,5819,11
103,5812,12
103,5830,13
103,5825,14
103,5826,15
103,5837,16
103,5838,17
103,5841,18
103,5847,19
103,5518,20
104,14653,1
104,11876,2
104,11877,3
104,8896,4
104,8905,5
104,8894,6
104,8895,7
104,9155,8
104,1645,9
104,983,10
104,11341,11
104,980,12
104,9506,13
104,3184,14
104,16364,15
104,3183,16
104,3179,17
104,3186,18
104,3177,19
104,3187,20
104,2473,21
104,2464,22
104,2461,23
104,2466,24
104,2467,25
104,2468,26
104,2470,27
104,2462,28
104,15465,29
105,14652,1
105,3172,2
105,14834,3
105,1645,4
105,983,5
105,11341,6
105,14836,7
105,7654,8
105,7660,9
105,7648,10
105,15358,11
105,14531,12
105,7658,13
106,14655,1
106,7275,2
106,4598,3
106,4596,4
106,6076,5
106,3108,6
106,3106,7
106,3113,8
106,6071,9
106,6072,10
106,13438,11
106,9221,12
106,9222,13
106,16727,14
106,9224,15
106,9225,16
106,8088,17
106,8086,18
106,8081,19
106,8084,20
106,8090,21
106,14284,22
106,7763,23
106,14422,24
106,1601,25
106,15571,26
107,14657,1
107,7275,2
107,4598,3
107,4596,4
107,9093,5
107,9094,6
107,9095,7
107,9096,8
107,9097,9
107,3434,10
107,16425,11
107,3426,12
107,16666,13
107,15626,14
107,16659,15
107,14840,16
107,1280,17
107,1284,18
107,1065,19
107,15630,20
107,16662,21
107,1,22
107,3,23
107,16419,24
107,8264,25
107,4529,26
107,4530,27
107,4527,28
107,3401,29
107,13374,30
107,4014,31
107,15568,32
108,14660,1
108,7275,2
108,4598,3
108,4596,4
108,6076,5
108,3108,6
108,3106,7
108,3113,8
108,4678,9
108,3124,10
108,3123,11
108,2668,12
108,7797,13
108,2672,14
108,16729,15
108,16728,16
108,9228,17
108,6064,18
108,9210,19
108,9211,20
108,9212,21
108,9214,22
108,9215,23
108,2663,24
108,2012,25
108,2009,26
108,1999,27
108,2007,28
108,15617,29
108,15616,30
108,15615,31
108,15614,32
108,15613,33
108,3922,34
108,13618,35
108,12658,36
108,1592,37
108,1601,38
108,15575,39
109,14682,1
109,13440,2
109,6557,3
109,6550,4
109,6548,5
109,6552,6
109,6555,7
109,6541,8
109,6543,9
109,6540,10
109,6538,11
109,6546,12
109,14731,13
109,5407,14
109,7404,15
109,7406,16
109,7403,17
109,6386,18
109,6380,19
109,16049,20
109,6387,21
109,6390,22
109,6384,23
109,6931,24
109,6928,25
109,6927,26
109,6239,27
109,6234,28
109,6616,29
109,6617,30
109,7435,31
109,7434,32
109,6613,33
110,4435,1
110,15428,2
110,3386,3
110,3384,4
110,15805,5
110,3383,6
110,3726,7
110,3707,8
110,3711,9
110,3714,10
110,3705,11
110,3716,12
110,3710,13
110,3721,14
110,3725,15
110,3723,16
110,3719,17
110,3709,18
110,3722,19
110,3950,20
110,3804,21
110,13922,22
110,3787,23
110,2728,24
110,2714,25
110,2713,26
110,3849,27
110,2726,28
110,2730,29
110,2718,30
110,2733,31
110,9901,32
110,16045,33
111,14716,1
111,2138,2
111,5022,3
111,2196,4
111,2184,5
111,2178,6
111,2149,7
111,2227,8
111,2211,9
111,2201,10
111,15951,11
111,2220,12
111,16455,13
111,2204,14
111,2212,15
111,2205,16
111,2216,17
111,2198,18
111,2223,19
111,2219,20
111,2224,21
111,10574,22
111,2209,23
111,5610,24
111,2865,25
111,2866,26
111,2835,27
111,2834,28
111,2837,29
111,2838,30
111,3174,31
112,14717,1
112,2138,2
112,5022,3
112,2196,4
112,2184,5
112,2178,6
112,2149,7
112,5014,8
112,9721,9
112,1642,10
112,1644,11
112,8659,12
112,8662,13
112,8664,14
112,8667,15
112,8669,16
112,8666,17
112,8674,18
112,9992,19
112,8672,20
112,8681,21
112,8670,22
112,8685,23
112,8679,24
112,8676,25
112,8683,26
112,8648,27
112,8652,28
112,8647,29
112,8650,30
112,8649,31
112,7739,32
112,8063,33
112,8643,34
112,8642,35
112,7772,36
112,8069,37
112,15599,38
112,15594,39
112,8066,40
112,9294,41
112,9295,42
112,9296,43
112,9297,44
112,9298,45
112,9299,46
112,10752,47
112,9300,48
112,9301,49
112,9302,50
112,9303,51
112,11196,52
112,16650,53
112,3323,54
112,11696,55
112,11697,56
112,11698,57
112,11699,58
112,11700,59
112,3482,60
112,7575,61
112,16665,62
112,7580,63
112,7578,64
112,7585,65
112,7583,66
112,7582,67
113,14737,1
113,15924,2
113,15925,3
113,910,4
113,911,5
113,16740,6
113,872,7
113,897,8
113,1863,9
113,9442,10
113,1857,11
113,1852,12
113,1849,13
113,1841,14
113,1843,15
113,1845,16
113,14953,17
113,16446,18
113,2750,19
113,2762,20
113,2746,21
113,2764,22
113,2748,23
113,2760,24
113,2756,25
113,2752,26
113,16453,27
113,16391,28
114,851,1
114,13536,2
114,11918,3
114,6317,4
114,6314,5
114,6319,6
114,16443,7
114,6313,8
114,16439,9
114,16437,10
114,16434,11
114,16432,12
114,15512,13
114,15515,14
114,15129,15
114,1466,16
114,1467,17
114,262,18
114,15151,19
114,16754,20
115,14810,1
115,11333,2
115,3264,3
115,3260,4
115,3262,5
115,3254,6
115,3252,7
115,3257,8
115,3259,9
115,9188,10
115,7468,11
115,7472,12
115,7467,13
115,7465,14
115,5432,15
115,6245,16
115,6248,17
115,6241,18
115,6243,19
115,6244,20
115,6250,21
115,7455,22
115,10654,23
115,7457,24
115,7454,25
115,7456,26
115,6343,27
116,14709,1
116,16339,2
116,1037,3
116,1032,4
116,2259,5
116,2292,6
116,1039,7
116,2244,8
116,2290,9
116,2241,10
116,15903,11
116,2256,12
116,2283,13
116,15904,14
116,2680,15
116,2685,16
116,2687,17
116,2681,18
116,2674,19
116,2678,20
116,15135,21
116,2676,22
116,2689,23
116,2946,24
116,2944,25
116,2964,26
116,2937,27
116,2940,28
116,2954,29
116,2952,30
116,16766,31
116,2968,32
116,2932,33
116,2962,34
116,2942,35
116,2958,36
116,2933,37
116,14327,38
116,2959,39
116,2966,40
116,2928,41
116,2930,42
116,2935,43
116,2970,44
116,2948,45
116,2965,46
116,9499,47
116,14555,48
116,14556,49
116,14446,50
116,14081,51
116,14082,52
116,14083,53
116,14557,54
116,14969,55
116,14970,56
116,14559,57
117,16636,1
117,4629,2
117,1559,3
117,7560,4
117,7562,5
117,14142,6
117,7548,7
117,7555,8
117,7554,9
117,7549,10
117,1739,11
117,15010,12
117,16702,13
117,7553,14
117,4206,15
117,4218,16
117,7904,17
117,4268,18
117,15212,19
117,4231,20
117,4222,21
117,4209,22
117,4266,23
117,13519,24
117,4698,25
117,4695,26
117,4691,27
117,4689,28
117,11348,29
117,14787,30
118,14802,1
118,13470,2
118,1656,3
118,8870,4
118,8857,5
118,8876,6
118,8843,7
118,8851,8
118,8869,9
118,8833,10
118,8866,11
118,8881,12
118,8872,13
118,8888,14
118,8856,15
118,8862,16
118,8879,17
118,8850,18
118,15755,19
118,8844,20
118,8854,21
118,8885,22
118,8524,23
118,6233,24
118,6217,25
118,14315,26
118,6225,27
118,6222,28
118,11269,29
118,11270,30
118,11271,31
118,11265,32
118,11266,33
118,11267,34
118,6219,35
118,6221,36
118,11566,37
118,11567,38
118,11568,39
118,11569,40
118,11570,41
118,14959,42
118,11572,43
118,11573,44
118,11574,45
119,14801,1
119,13470,2
119,1656,3
119,8870,4
119,8857,5
119,8876,6
119,8843,7
119,8851,8
119,8869,9
119,8833,10
119,8866,11
119,8881,12
119,8872,13
119,8888,14
119,8856,15
119,8862,16
119,8879,17
119,8850,18
119,15755,19
119,14526,20
119,14527,21
119,14528,22
119,14529,23
119,14530,24
119,5892,25
119,11858,26
119,7513,27
119,7500,28
119,10470,29
119,7495,30
119,7502,31
119,13457,32
119,2643,33
119,9104,34
119,15019,35
119,15020,36
119,12445,37
119,15022,38
119,15023,39
119,4671,40
119,4672,41
119,16497,42
119,4488,43
119,4486,44
119,4485,45
119,4489,46
119,4490,47
119,4487,48
119,4491,49
120,15463,1
120,13470,2
120,1656,3
120,8870,4
120,8857,5
120,8876,6
120,8843,7
120,8851,8
120,14141,9
120,16444,10
120,4045,11
120,9135,12
120,9136,13
120,3400,14
120,3394,15
120,3397,16
120,3392,17
120,3395,18
120,9201,19
120,9202,20
120,9203,21
120,3910,22
120,3888,23
120,3934,24
120,3896,25
120,3920,26
120,6081,27
120,6082,28
120,6062,29
120,11222,30
121,16033,1
121,16034,2
121,16031,3
121,16029,4
121,16027,5
121,16025,6
121,15246,7
121,6604,8
121,6603,9
121,11164,10
121,11166,11
121,11167,12
121,11169,13
121,15583,14
121,12425,15
121,13455,16
121,246,17
121,16754,18
122,9073,1
122,13959,2
122,13960,3
122,13961,4
122,13962,5
122,13963,6
122,13956,7
122,13954,8
122,13952,9
122,13949,10
122,9656,11
122,9657,12
122,9658,13
122,9659,14
122,9776,15
122,9661,16
122,9662,17
122,9663,18
122,9664,19
122,9665,20
122,9666,21
122,9777,22
122,16654,23
122,9077,24
122,7466,25
122,7464,26
122,7473,27
122,7469,28
122,9069,29
122,3258,30
122,16701,31
122,3255,32
122,7474,33
122,9074,34
122,3265,35
122,11334,36
122,14811,37
123,4435,1
123,15428,2
123,3386,3
123,3384,4
123,15805,5
123,3383,6
123,6271,7
123,6272,8
123,6267,9
123,2435,10
123,2429,11
123,2441,12
123,2454,13
123,3169,14
123,3117,15
123,9109,16
123,2454,17
123,3169,18
123,1632,19
123,1638,20
123,10621,21
123,13670,22
123,10623,23
123,10624,24
123,10625,25
123,14320,26
123,9241,27
123,9510,28
123,9242,29
123,9243,30
123,9244,31
123,9245,32
123,2195,33
123,2180,34
123,2137,35
123,2139,36
123,14718,37
124,14726,1
124,1235,2
124,1233,3
124,2819,4
124,1222,5
124,1227,6
124,1231,7
124,1230,8
124,9157,9
124,1220,10
124,1725,11
124,1718,12
124,11996,13
124,1729,14
124,11248,15
125,14689,1
125,3212,2
125,15447,3
125,9269,4
125,9270,5
125,9271,6
125,9272,7
125,9273,8
125,9274,9
125,9275,10
125,9276,11
125,9277,12
125,9278,13
125,9279,14
125,9280,15
125,9281,16
126,776,1
126,13434,2
126,773,3
126,778,4
126,770,5
126,775,6
126,9369,7
126,9370,8
126,9371,9
126,9372,10
126,8190,11
126,14335,12
126,14336,13
126,14783,14
127,11582,1
127,4508,2
127,3468,3
127,3470,4
127,3466,5
127,3473,6
127,932,7
127,942,8
127,952,9
127,944,10
127,937,11
127,16489,12
127,16752,13
127,950,14
127,955,15
127,935,16
127,9419,17
127,9382,18
127,11884,19
127,6479,20
127,7956,21
127,8122,22
127,8117,23
127,8125,24
127,8127,25
127,14777,26
129,16393,1
129,16373,2
129,4079,3
129,16374,4
129,1613,5
129,14764,6
129,16529,7
129,12078,8
129,1308,9
129,1300,10
129,1317,11
129,1310,12
129,1289,13
129,1307,14
129,1301,15
129,1315,16
129,1296,17
129,2872,18
129,2873,19
129,9358,20
129,9359,21
129,9799,22
129,9805,23
129,10653,24
129,9806,25
129,9818,26
129,10576,27
129,9807,28
129,9993,29
129,11800,30
129,9994,31
129,11801,32
129,9995,33
129,13480,34
129,9996,35
129,14238,36
129,9997,37
129,9998,38
129,9999,39
129,15448,40
129,10435,41
129,10001,42
129,10002,43
129,13520,44
129,14158,45
129,13521,46
129,13877,47
129,15591,48
129,15596,49
129,15187,50
129,13717,51
129,13626,52
129,13523,53
129,13524,54
129,13627,55
129,13526,56
129,13527,57
130,14769,1
130,16529,2
130,12078,3
130,1308,4
130,1300,5
130,1317,6
130,1310,7
130,1289,8
130,1307,9
130,6599,10
130,6583,11
130,6601,12
130,13896,13
130,6585,14
130,15539,15
130,6597,16
130,6589,17
130,6587,18
130,6562,19
130,10833,20
130,6559,21
130,10237,22
130,10236,23
130,11601,24
130,16422,25
130,11605,26
130,10921,27
130,10920,28
131,16391,1
131,16373,2
131,4079,3
131,16374,4
131,1613,5
131,14762,6
131,16529,7
131,12078,8
131,1308,9
131,1300,10
131,1317,11
131,16750,12
131,9565,13
131,9648,14
131,9566,15
131,9567,16
131,9568,17
131,14085,18
131,9570,19
131,9571,20
131,9572,21
131,9574,22
131,4665,23
131,9975,24
131,11949,25
131,10870,26
131,9842,27
131,10871,28
131,9579,29
131,9580,30
131,10947,31
131,2970,32
131,2948,33
131,11241,34
131,11242,35
131,11243,36
131,10950,37
131,10951,38
131,10952,39
131,13325,40
131,13326,41
132,14760,1
132,16529,2
132,12078,3
132,1361,4
132,1369,5
132,1357,6
132,1366,7
132,1367,8
132,1358,9
132,16656,10
132,1360,11
132,1368,12
132,15857,13
132,1355,14
132,9548,15
132,9549,16
132,14079,17
132,11795,18
132,9550,19
132,12065,20
132,9723,21
132,9551,22
132,9552,23
132,9553,24
132,9837,25
132,9838,26
132,9839,27
132,9840,28
132,9841,29
132,9842,30
132,9589,31
132,9590,32
132,9591,33
132,11623,34
132,11624,35
132,11625,36
132,11626,37
133,16390,1
133,16373,2
133,4079,3
133,16374,4
133,1613,5
133,16334,6
133,16645,7
133,9604,8
133,7711,9
133,7676,10
133,1044,11
133,1048,12
133,1046,13
133,1052,14
133,1051,15
133,7704,16
133,11597,17
133,1378,18
133,1384,19
133,1387,20
133,1383,21
133,1393,22
133,1389,23
133,1400,24
133,1385,25
133,9983,26
133,1403,27
133,1399,28
133,11329,29
133,9409,30
133,9908,31
133,13903,32
133,13904,33
133,14442,34
133,14444,35
133,14446,36
133,14081,37
133,14082,38
133,14083,39
133,14557,40
133,13906,41
133,14104,42
133,13907,43
133,14105,44
133,14266,45
133,14107,46
133,14982,47
133,14264,48
133,14086,49
133,14445,50
134,14761,1
134,16529,2
134,11362,3
134,12100,4
134,13460,5
134,4537,6
134,4556,7
134,4547,8
134,11364,9
134,6007,10
134,12051,11
134,12052,12
134,12053,13
134,12054,14
134,7252,15
134,4703,16
134,4701,17
134,4705,18
134,4702,19
134,4704,20
134,4660,21
134,4657,22
134,4664,23
134,4662,24
134,4659,25
134,11548,26
134,11549,27
134,11550,28
134,11551,29
134,11552,30
134,16022,31
134,11554,32
134,2562,33
134,2526,34
134,12603,35
134,13629,36
134,10845,37
134,10846,38
134,10847,39
134,10849,40
134,10850,41
134,10851,42
134,10844,43
134,10841,44
134,2561,45
134,16369,46
134,2484,47
134,9327,48
135,14739,1
135,5532,2
135,13923,3
135,9682,4
135,9683,5
135,9685,6
135,9686,7
135,13474,8
135,9688,9
135,9689,10
135,9690,11
135,9691,12
135,8572,13
135,8553,14
135,8555,15
135,1623,16
135,1625,17
135,1622,18
135,15013,19
135,1626,20
135,1621,21
135,16639,22
149,14719,1
149,589,2
149,518,3
149,527,4
149,509,5
149,15893,6
149,579,7
149,570,8
149,533,9
149,524,10
149,16385,11
149,555,12
149,9952,13
149,598,14
149,580,15
149,501,16
149,14696,17
154,15116,1
154,7977,2
154,7699,3
154,7703,4
154,16680,5
154,7705,6
154,16554,7
154,16552,8
154,16550,9
154,16548,10
154,4841,11
154,4840,12
154,4838,13
154,4839,14
154,4842,15
154,6039,16
154,6040,17
154,6042,18
154,5265,19
154,5272,20
154,9504,21
154,5308,22
154,5271,23
154,5232,24
154,5234,25
154,5241,26
154,9650,27
154,5289,28
154,5230,29
154,5238,30
154,16737,31
154,5240,32
154,16376,33
154,16453,34
154,14710,35
160,15466,1
160,1658,2
160,1660,3
160,15234,4
160,220,5
160,15196,6
160,188,7
160,227,8
160,16095,9
160,89,10
160,174,11
160,199,12
160,108,13
160,226,14
160,133,15
160,155,16
160,205,17
160,230,18
160,136,19
160,85,20
160,15813,21
160,125,22
160,184,23
160,122,24
160,183,25
160,147,26
160,9719,27
160,206,28
160,11872,29
160,9525,30
160,106,31
160,9421,32
160,11927,33
160,11928,34
160,11929,35
160,11930,36
160,11931,37
160,11932,38
160,13894,39
160,11933,40
160,10707,41
160,10709,42
160,10710,43
160,11873,44
160,10711,45
160,12161,46
160,9425,47
160,8,48
160,10,49
160,118,50
160,277,51
160,259,52
161,16593,1
161,16747,2
161,2331,3
161,16120,4
161,13423,5
161,11589,6
161,6030,7
161,4566,8
161,6028,9
161,6038,10
161,6023,11
161,6015,12
161,6018,13
161,6032,14
161,6014,15
161,6020,16
161,6033,17
161,6025,18
161,6035,19
161,5900,20
161,15985,21
161,5916,22
161,5913,23
161,5908,24
161,5898,25
161,10890,26
161,10765,27
161,10766,28
161,10767,29
161,10768,30
161,10769,31
161,14744,32
162,1984,1
162,1981,2
162,1983,3
162,1982,4
162,9740,5
162,9742,6
162,9743,7
162,9744,8
162,16149,9
162,1991,10
162,1990,11
162,2820,12
162,2822,13
162,2815,14
162,2813,15
162,16451,16
162,16447,17
162,1750,18
162,1752,19
162,2653,20
162,9133,21
162,2651,22
162,3020,23
162,3014,24
162,3016,25
162,3018,26
162,3023,27
162,299,28
162,1219,29
162,2817,30
162,1229,31
162,1232,32
162,1228,33
162,1226,34
162,1221,35
162,1234,36
162,14727,37
164,16591,1
164,16747,2
164,2331,3
164,16631,4
164,16579,5
164,3955,6
164,3966,7
164,16114,8
164,14868,9
164,16112,10
164,16110,11
164,16108,12
164,16632,13
164,16104,14
164,16102,15
164,6551,16
164,6558,17
164,6547,18
164,14682,19
165,14808,1
165,8891,2
165,8890,3
165,8841,4
165,8838,5
165,8883,6
165,8846,7
165,8840,8
165,1654,9
165,15235,10
165,1661,11
165,1659,12
165,15318,13
165,13470,14
165,1656,15
165,8870,16
165,8857,17
165,8876,18
165,8843,19
165,8851,20
165,8869,21
165,8833,22
165,8866,23
165,8881,24
165,8872,25
165,8888,26
165,8856,27
165,8862,28
165,8879,29
165,8850,30
165,15755,31
165,8844,32
165,8854,33
165,8885,34
165,8524,35
165,8777,36
165,8727,37
165,8771,38
165,8693,39
165,8737,40
165,8690,41
165,8745,42
165,8766,43
165,6174,44
165,8698,45
165,8709,46
165,8731,47
165,8728,48
165,8688,49
165,8741,50
165,8723,51
165,9104,52
165,8720,53
165,8739,54
165,8701,55
165,8753,56
165,8726,57
165,11875,58
165,10651,59
165,8316,60
165,8297,61
165,8288,62
165,7512,63
165,7510,64
165,7511,65
165,9316,66
165,8005,67
165,8006,68
166,15581,1
166,1602,2
166,1593,3
166,8286,4
166,8253,5
166,8295,6
166,8296,7
166,8302,8
166,8307,9
166,8316,10
166,8297,11
166,8288,12
166,8303,13
166,8312,14
166,8277,15
166,8298,16
166,8273,17
166,13518,18
166,3803,19
166,16493,20
166,16495,21
166,16498,22
166,16499,23
166,16500,24
166,16501,25
166,16502,26
166,16503,27
166,16504,28
166,16505,29
166,7761,30
166,2608,31
166,2620,32
166,16508,33
167,14629,1
167,13705,2
167,7190,3
167,13683,4
167,7476,5
167,7475,6
167,7477,7
167,13684,8
167,13685,9
167,13686,10
167,12352,11
167,13687,12
167,7412,13
167,8497,14
167,6745,15
167,6730,16
167,6712,17
167,6744,18
167,6680,19
167,6737,20
167,6703,21
167,6702,22
167,6711,23
167,6731,24
167,6669,25
167,6726,26
167,6732,27
167,6661,28
167,6762,29
167,6707,30
167,9440,31
167,6754,32
167,10722,33
168,16588,1
168,16747,2
168,2331,3
168,16120,4
168,13423,5
168,11589,6
168,6030,7
168,4566,8
168,4504,9
168,4507,10
168,4511,11
168,4503,12
168,4508,13
168,3468,14
168,3470,15
168,3466,16
168,3473,17
168,4653,18
168,4651,19
168,4647,20
168,4656,21
168,4652,22
168,4649,23
168,507,24
168,14662,25
169,14760,1
169,16529,2
169,12078,3
169,1308,4
169,1300,5
169,1317,6
169,1310,7
169,6310,8
169,6312,9
169,6306,10
169,6307,11
169,6308,12
169,6440,13
169,6433,14
169,6448,15
169,6436,16
169,6457,17
169,6454,18
169,6426,19
169,6451,20
169,6434,21
169,16635,22
169,6427,23
169,6445,24
169,16634,25
169,6466,26
169,13917,27
169,6469,28
169,6462,29
169,15147,30
169,6464,31
169,8426,32
169,8428,33
169,14532,34
169,6764,35
169,6766,36
169,6265,37
169,6266,38
169,7394,39
169,7386,40
169,7392,41
169,7389,42
169,7388,43
169,16485,44
169,16758,45
169,13422,46
169,1928,47
169,14632,48
171,3289,1
171,9145,2
171,11842,3
171,11843,4
171,6960,5
171,6962,6
171,4564,7
171,6954,8
171,3286,9
171,3437,10
171,3438,11
171,4456,12
171,9977,13
171,16746,14
171,16592,15
171,16747,16
171,16329,17
171,2419,18
171,8755,19
171,8759,20
171,9323,21
171,14610,22
171,14533,23
184,14820,1
184,13470,2
184,1656,3
184,1267,4
184,1268,5
184,1266,6
184,1265,7
184,11194,8
184,11450,9
184,11451,10
185,14772,1
185,8093,2
185,13563,3
185,1540,4
185,1544,5
185,1543,6
185,7152,7
185,13561,8
185,7233,9
185,7184,10
185,13677,11
185,7157,12
185,7230,13
185,7242,14
185,7203,15
185,7214,16
185,13454,17
185,7246,18
185,6349,19
185,14633,20
189,15992,1
189,13311,2
189,13312,3
189,6397,4
189,6391,5
189,6393,6
189,6396,7
189,3916,8
189,15421,9
189,14895,10
189,13320,11
189,13343,12
189,7359,13
189,7361,14
189,15061,15
189,13341,16
189,16253,17
189,15825,18
189,7894,19
189,7887,20
189,7883,21
189,7892,22
189,7890,23
189,7889,24
189,11780,25
189,14696,26
191,9079,1
191,11534,2
191,7912,3
191,7911,4
191,7917,5
191,11106,6
191,7566,7
191,8378,8
191,8380,9
191,8385,10
191,8376,11
191,8383,12
191,8382,13
191,8387,14
191,16686,15
191,5333,16
191,5260,17
191,14255,18
191,1962,19
191,1923,20
191,15526,21
191,4720,22
191,4725,23
191,3637,24
191,16602,25
300,16391,1
300,16339,2
300,1037,3
300,1032,4
300,15898,5
300,9641,6
300,4959,7
300,16477,8
300,15031,9
300,4951,10
300,4957,11
300,4956,12
300,4954,13
300,4948,14
300,4965,15
300,1848,16
300,1854,17
300,15062,18
300,1844,19
300,16794,20
300,16795,21
300,1853,22
300,1856,23
300,9905,24
300,8554,25
300,1842,26
300,1833,27
300,16741,28
300,1836,29
300,1839,30
300,1837,31
300,15926,32
300,13464,33
300,9955,34
300,913,35
300,891,36
300,915,37
300,917,38
300,890,39
300,916,40
300,920,41
300,903,42
300,899,43
300,893,44
300,874,45
300,884,46
300,896,47
300,918,48
300,905,49
300,877,50
300,881,51
300,908,52
300,871,53
300,476,54
300,483,55
300,485,56
300,480,57
300,479,58
300,486,59
300,16002,60
300,490,61
300,15527,62
300,586,63
300,499,64
300,492,65
300,564,66
300,539,67
300,500,68
300,584,69
300,562,70
300,504,71
300,521,72
300,473,73
300,15322,74
300,536,75
300,592,76
300,507,77
300,474,78
300,530,79
300,522,80
300,514,81
300,475,82
300,599,83
300,529,84
300,577,85
300,16386,86
300,523,87
300,16408,88
300,16407,89
300,16406,90
300,15892,91
300,487,92
300,11999,93
300,526,94
300,590,95
300,16016,96
300,5128,97
300,16482,98
300,548,99
300,582,100
300,537,101
300,511,102
300,596,103
300,8669,104
300,8666,105
300,8674,106
300,9992,107
300,8672,108
300,8681,109
300,8670,110
300,2203,111
300,2200,112
300,2221,113
300,15950,114
302,9808,1
302,9811,2
302,10577,3
302,16722,4
302,9810,5
302,9836,6
302,9364,7
302,9800,8
302,9365,9
302,9366,10
302,9367,11
302,9368,12
302,1316,13
302,1302,14
302,1299,15
302,1290,16
302,1311,17
302,9858,18
302,1318,19
302,1312,20
302,1309,21
302,9623,22
302,16645,23
302,5666,24
302,5670,25
302,5664,26
302,5675,27
302,5676,28
302,5678,29
302,5662,30
302,5673,31
302,5669,32
302,4937,33
302,4963,34
302,4966,35
302,4961,36
302,4936,37
302,4969,38
302,4942,39
302,9641,40
302,9642,41
302,9643,42
302,9644,43
302,9645,44
302,9646,45
302,9647,46
302,3367,47
302,10970,48
302,13334,49
302,4215,50
302,4245,51
302,4261,52
302,4264,53
302,4216,54
302,4228,55
302,4244,56
302,4208,57
302,4206,58
302,4218,59
302,7904,60
302,4268,61
302,15212,62
302,4231,63
302,4222,64
302,4209,65
302,4266,66
302,13519,67
307,1585,1
307,1617,2
307,1138,3
307,1139,4
307,1136,5
307,138,6
307,86,7
307,194,8
307,105,9
307,123,10
307,15812,11
307,182,12
307,137,13
307,229,14
307,173,15
307,156,16
307,104,17
307,225,18
307,109,19
307,200,20
307,190,21
307,90,22
307,116,23
307,228,24
307,163,25
307,170,26
307,157,27
307,81,28
307,222,29
307,172,30
307,179,31
307,95,32
307,189,33
307,185,34
307,196,35
307,112,36
307,164,37
307,119,38
307,198,39
307,146,40
307,144,41
307,215,42
307,99,43
307,134,44
307,192,45
307,131,46
307,15457,47
307,216,48
307,209,49
307,107,50
307,210,51
307,204,52
307,80,53
307,7518,54
307,154,55
307,129,56
307,181,57
307,15518,58
307,15334,59
307,149,60
307,213,61
307,111,62
307,178,63
307,127,64
307,193,65
307,187,66
307,15365,67
307,15226,68
307,100,69
307,15499,70
307,15500,71
307,15501,72
307,1063,73
307,15190,74
307,12584,75
315,14753,1
315,6975,2
315,7036,3
315,7032,4
315,7007,5
315,7017,6
315,6984,7
315,7020,8
315,7043,9
315,6995,10
315,7023,11
315,7028,12
315,7008,13
315,9395,14
315,9396,15
315,9397,16
315,9398,17
315,9399,18
315,2446,19
315,2438,20
315,2445,21
315,2430,22
315,2449,23
315,2458,24
315,16739,25
315,2456,26
315,2451,27
315,14496,28
315,2437,29
315,2452,30
315,2435,31
315,2429,32
315,2441,33
315,2454,34
315,3169,35
315,11587,36
315,2440,37
315,2434,38
315,6268,39
315,6273,40
315,6269,41
315,6270,42
315,3382,43
315,3388,44
315,3385,45
315,4435,46
320,9176,1
320,9059,2
320,15783,3
320,9031,4
320,15782,5
320,8976,6
320,9013,7
320,9003,8
320,8989,9
320,9015,10
320,8971,11
320,8982,12
320,9033,13
320,13869,14
320,8983,15
320,9050,16
320,8990,17
320,9021,18
320,8964,19
320,9066,20
320,11371,21
320,9025,22
320,8954,23
320,9064,24
320,9028,25
320,8985,26
320,8974,27
320,9039,28
320,9020,29
320,8969,30
320,8998,31
320,9023,32
320,8960,33
320,16092,34
320,9030,35
320,15709,36
320,8981,37
320,14950,38
320,8958,39
320,1673,40
320,1668,41
320,1669,42
320,10800,43
320,4732,44
320,9053,45
320,8957,46
320,9063,47
320,8953,48
320,9027,49
320,9037,50
320,16000,51
320,3220,52
320,3214,53
320,3217,54
320,3233,55
320,3246,56
320,3229,57
320,3218,58
320,3230,59
320,16260,60
320,3222,61
320,3237,62
320,3244,63
320,3239,64
320,3241,65
320,9016,66
320,3247,67
320,246,68
320,254,69
320,1465,70
320,11902,71
322,2839,1
322,1738,2
322,2795,3
322,2767,4
322,15349,5
322,2785,6
322,2783,7
322,2770,8
322,2777,9
322,15350,10
322,2772,11
322,2775,12
322,14058,13
322,11181,14
322,11183,15
322,1787,16
322,1796,17
322,1790,18
322,1800,19
322,1783,20
322,1793,21
322,9541,22
322,1785,23
322,4903,24
322,4914,25
322,4912,26
322,4907,27
322,4900,28
322,852,29
322,9465,30
322,9466,31
322,9467,32
322,857,33
322,864,34
322,862,35
322,855,36
322,860,37
322,653,38
322,656,39
322,659,40
322,651,41
322,649,42
322,660,43
322,11926,44
324,13462,1
324,10564,2
324,10565,3
324,10566,4
324,9634,5
324,8532,6
324,8594,7
324,8590,8
324,8570,9
324,8540,10
324,14276,11
324,8566,12
324,8528,13
324,8543,14
324,8574,15
324,8539,16
324,8599,17
324,16731,18
324,7229,19
324,7425,20
324,7413,21
324,7411,22
324,7414,23
324,8523,24
324,7418,25
324,8490,26
324,8439,27
324,10730,28
324,8472,29
324,14272,30
324,8445,31
324,8448,32
324,8478,33
324,8500,34
324,8513,35
324,8496,36
324,8450,37
324,8457,38
324,8441,39
324,8453,40
324,8427,41
324,16695,42
324,8520,43
324,8491,44
324,8429,45
324,8522,46
324,8463,47
324,8493,48
324,8504,49
324,8447,50
324,8495,51
324,16463,52
324,8482,53
324,15026,54
324,14963,55
324,14962,56
324,4690,57
324,4697,58
324,4692,59
324,4696,60
324,9414,61
324,9415,62
324,13519,63
325,851,1
325,13536,2
325,4853,3
325,16283,4
325,5058,5
325,4858,6
325,4851,7
325,4854,8
325,4856,9
325,15444,10
325,5991,11
325,5982,12
325,5993,13
325,5986,14
325,5983,15
325,11846,16
325,3004,17
325,2999,18
325,2993,19
325,2991,20
325,3008,21
325,5989,22
325,16697,23
325,2979,24
325,2980,25
325,4520,26
325,8349,27
325,8350,28
325,8358,29
325,8344,30
325,9498,31
325,8352,32
325,2987,33
325,1936,34
325,1934,35
325,1972,36
325,15731,37
325,9125,38
325,1977,39
325,1942,40
325,1922,41
325,1961,42
325,1946,43
325,1920,44
325,1913,45
325,1948,46
325,1930,47
325,1944,48
325,1957,49
325,1979,50
325,1955,51
325,1940,52
325,1941,53
325,1959,54
325,15988,55
325,6349,56
325,1949,57
325,1929,58
325,1938,59
325,1919,60
325,1975,61
325,1967,62
325,9140,63
325,1966,64
325,1952,65
325,1956,66
325,1917,67
325,1915,68
325,1933,69
325,1974,70
325,6148,71
325,3129,72
325,2646,73
329,8268,1
329,7658,2
329,7662,3
329,7649,4
329,7661,5
329,7655,6
329,978,7
329,981,8
329,12176,9
329,11342,10
329,9417,11
329,14835,12
329,1647,13
329,11879,14
329,1666,15
329,2107,16
329,2105,17
329,2024,18
329,2064,19
329,2019,20
329,2076,21
329,2087,22
329,2016,23
329,2070,24
329,2078,25
329,2056,26
329,2054,27
329,15471,28
329,2023,29
329,2026,30
329,2021,31
329,2046,32
329,2086,33
329,2079,34
329,2060,35
329,2049,36
329,2083,37
329,2061,38
329,2017,39
329,2094,40
329,2085,41
329,2039,42
329,16470,43
329,2044,44
329,2068,45
329,2089,46
329,2013,47
329,2035,48
329,9341,49
329,2099,50
329,2034,51
329,2041,52
329,2058,53
329,2015,54
329,15030,55
329,2074,56
329,2067,57
329,2072,58
329,2092,59
329,2032,60
329,14469,61
329,9919,62
329,14309,63
329,16285,64
329,14363,65
332,14278,1
332,4751,2
332,4760,3
332,4974,4
332,4975,5
332,7585,6
332,7583,7
332,7582,8
332,8065,9
332,2399,10
332,2416,11
332,2343,12
332,2382,13
332,2377,14
332,2370,15
332,2328,16
332,2362,17
332,2404,18
332,2402,19
332,12135,20
332,16050,21
332,2406,22
332,15359,23
332,2366,24
332,16194,25
332,9383,26
332,2331,27
332,16631,28
332,2369,29
332,2368,30
332,16196,31
332,10704,32
332,2332,33
332,2334,34
332,16121,35
332,2349,36
332,2340,37
332,2387,38
332,2357,39
332,2388,40
332,2379,41
332,9896,42
332,2355,43
332,2326,44
332,2390,45
332,2351,46
332,16200,47
332,16630,48
332,2346,49
332,11488,50
332,2394,51
332,2374,52
332,2342,53
332,14675,54
334,14672,1
334,13898,2
334,16331,3
334,15702,4
334,2304,5
334,16332,6
334,2270,7
334,2234,8
334,2238,9
334,16123,10
334,2308,11
334,2312,12
334,2284,13
334,2252,14
334,15965,15
334,2262,16
334,2266,17
334,2321,18
334,2258,19
334,2246,20
334,2277,21
334,15960,22
334,16126,23
334,15961,24
334,2271,25
334,2319,26
334,2310,27
334,2249,28
334,2306,29
334,2275,30
334,3539,31
334,12198,32
334,16390,33
334,16339,34
334,1037,35
334,1032,36
334,2259,37
334,2292,38
334,1039,39
334,2244,40
334,2290,41
334,2241,42
334,15903,43
334,2256,44
334,2283,45
334,15904,46
334,2680,47
334,2685,48
334,2687,49
334,2681,50
334,2674,51
334,2678,52
334,15135,53
334,2676,54
334,2689,55
334,2946,56
334,2944,57
334,2964,58
334,2937,59
334,2940,60
334,2954,61
334,2952,62
334,16766,63
334,15280,64
334,2968,65
334,2932,66
334,2962,67
334,16680,68
334,11597,69
334,1378,70
334,1384,71
334,1387,72
334,1383,73
334,1393,74
334,1389,75
334,1400,76
334,1385,77
334,9983,78
334,1403,79
334,1399,80
334,11329,81
334,9409,82
334,9908,83
334,13903,84
334,9909,85
334,16700,86
334,9911,87
334,6146,88
334,5849,89
335,14703,1
335,1169,2
335,1170,3
335,1168,4
335,3863,5
335,3928,6
335,3913,7
335,3882,8
335,3926,9
335,3915,10
335,3942,11
335,3901,12
335,15803,13
335,9145,14
335,3905,15
335,3886,16
335,3874,17
335,3936,18
335,3932,19
335,2736,20
335,15045,21
335,3906,22
335,3914,23
335,15152,24
335,3908,25
335,9481,26
335,3889,27
335,3879,28
335,3940,29
335,3938,30
335,3903,31
335,3910,32
335,3888,33
335,3934,34
335,3896,35
335,3920,36
335,3924,37
335,3919,38
335,3875,39
335,3899,40
335,3884,41
335,3946,42
335,10446,43
335,3944,44
335,3890,45
335,3864,46
335,3931,47
335,2739,48
335,3880,49
335,3922,50
335,3860,51
335,10411,52
335,10412,53
335,1592,54
335,1601,55
335,7766,56
335,7764,57
335,11940,58
336,13921,1
336,11841,2
336,11286,3
336,11287,4
336,11288,5
336,14513,6
336,11851,7
336,12200,8
336,11508,9
336,13472,10
336,11047,11
336,11048,12
336,11049,13
336,15403,14
336,11273,15
336,15821,16
336,7864,17
336,7863,18
336,11199,19
336,2616,20
336,2578,21
336,11040,22
336,11035,23
336,16512,24
336,2584,25
336,2583,26
336,2627,27
336,2609,28
336,9246,29
336,2642,30
336,16571,31
336,2622,32
336,2597,33
336,2606,34
336,2593,35
336,2636,36
336,2632,37
336,2628,38
336,2625,39
336,2612,40
336,15632,41
336,2580,42
336,9129,43
336,2590,44
336,3579,45
336,2589,46
336,3587,47
336,9506,48
336,3622,49
336,3614,50
336,3608,51
336,3593,52
336,3620,53
336,16061,54
336,15784,55
336,3585,56
336,3613,57
336,3589,58
336,15312,59
336,14389,60
336,9132,61
336,9912,62
337,3543,1
337,11506,2
337,3769,3
337,3821,4
337,3804,5
337,13922,6
337,3787,7
337,2728,8
337,2714,9
337,2713,10
337,3849,11
337,2726,12
337,2730,13
337,2718,14
337,2733,15
337,13363,16
337,9901,17
337,3775,18
337,3780,19
337,3773,20
337,3788,21
337,3793,22
337,3801,23
337,3829,24
337,1162,25
337,3760,26
337,3808,27
337,3833,28
337,3825,29
337,3782,30
337,3845,31
337,3776,32
337,3854,33
337,3855,34
337,3777,35
337,3806,36
337,3840,37
337,3841,38
337,3815,39
337,9509,40
337,3755,41
337,14120,42
337,3767,43
337,3813,44
337,3797,45
337,3785,46
337,3750,47
337,3795,48
337,3762,49
337,3836,50
337,3754,51
337,2711,52
337,2723,53
337,2716,54
337,3791,55
337,3847,56
337,3816,57
337,3779,58
337,3851,59
337,3818,60
337,3848,61
337,9170,62
337,15789,63
339,1375,1
339,868,2
339,867,3
339,75,4
339,11548,5
339,11549,6
339,11550,7
339,11551,8
339,11552,9
339,16022,10
339,11554,11
339,2562,12
339,2526,13
339,11345,14
339,2560,15
339,2533,16
339,2545,17
339,2529,18
339,2548,19
339,11332,20
339,2498,21
339,2483,22
339,2535,23
339,2486,24
339,10659,25
339,2515,26
339,2571,27
339,2568,28
339,2491,29
339,2553,30
339,2495,31
339,2570,32
339,2496,33
339,2531,34
339,2539,35
339,10603,36
339,2566,37
339,2503,38
339,2549,39
339,2552,40
339,9617,41
339,2492,42
339,2521,43
339,2544,44
339,2519,45
339,2540,46
339,2542,47
339,2536,48
339,2563,49
339,2511,50
339,9127,51
339,2576,52
339,2528,53
339,2573,54
339,2523,55
339,2575,56
339,2508,57
339,2517,58
339,9131,59
339,9130,60
340,9855,1
340,3490,2
340,3497,3
340,3500,4
340,3493,5
340,3502,6
340,3509,7
340,3514,8
340,15984,9
340,3496,10
340,3521,11
340,4455,12
340,3528,13
340,3527,14
340,3505,15
340,15421,16
340,14895,17
340,13320,18
340,13343,19
340,7359,20
340,7361,21
340,15061,22
340,6534,23
341,14705,1
341,15434,2
341,7888,3
341,7891,4
341,7882,5
341,7886,6
341,7893,7
341,7901,8
341,7899,9
341,4509,10
341,4502,11
341,4510,12
341,4506,13
341,4505,14
341,4567,15
341,4024,16
341,3978,17
341,4057,18
341,15998,19
341,3955,20
341,3966,21
341,4002,22
341,3975,23
341,15787,24
341,15786,25
341,4007,26
341,15584,27
341,4010,28
341,4025,29
341,3986,30
341,3982,31
341,9154,32
341,16444,33
341,4045,34
341,4003,35
341,4047,36
341,3977,37
341,4051,38
341,7897,39
341,7895,40
341,3981,41
341,9151,42
341,13924,43
341,3959,44
341,4043,45
341,9149,46
341,15653,47
341,14832,48
341,14860,49
341,13671,50
341,14284,51
341,7763,52
341,14422,53
341,7766,54
341,7764,55
341,11940,56
343,11251,1
343,10530,2
343,5732,3
343,11252,4
343,11253,5
343,11254,6
343,12197,7
343,11558,8
343,4060,9
343,10601,10
343,4065,11
343,4078,12
343,4131,13
343,4082,14
343,4099,15
343,4105,16
343,4091,17
343,4097,18
343,13342,19
343,16418,20
343,16414,21
343,4122,22
343,4092,23
343,4110,24
343,4128,25
343,4062,26
343,4087,27
343,4080,28
343,4064,29
343,4063,30
343,4072,31
343,4103,32
343,4124,33
343,4086,34
343,4132,35
343,4076,36
343,4096,37
343,4084,38
343,4116,39
343,4118,40
343,4069,41
343,13696,42
343,4093,43
343,3539,44
343,12198,45
343,16394,46
352,14278,1
352,4751,2
352,4760,3
352,4974,4
352,4975,5
352,5003,6
352,4989,7
352,4998,8
352,4992,9
352,4977,10
352,4990,11
352,13698,12
352,5005,13
352,4987,14
352,4980,15
352,4981,16
352,4995,17
352,7025,18
352,5402,19
352,5399,20
352,5418,21
352,5405,22
352,6046,23
352,5377,24
352,5414,25
352,5397,26
352,5395,27
352,2824,28
352,5359,29
352,5346,30
352,5391,31
352,5356,32
352,5394,33
352,5381,34
352,5366,35
352,5340,36
352,5350,37
352,5403,38
352,5363,39
352,5373,40
352,5360,41
352,15198,42
352,5343,43
352,5389,44
352,12202,45
352,5407,46
352,5369,47
352,5347,48
352,5371,49
352,5337,50
352,5370,51
352,5385,52
352,5384,53
352,5335,54
352,5392,55
352,5352,56
352,5374,57
352,5365,58
352,5355,59
352,1235,60
352,1233,61
352,2819,62
352,1222,63
352,1227,64
352,1231,65
352,1230,66
352,9157,67
352,1220,68
352,1725,69
352,1718,70
352,11996,71
352,1729,72
353,11940,1
353,12193,2
353,7763,3
353,14422,4
353,15573,5
353,1601,6
353,1594,7
353,1590,8
353,1596,9
353,1597,10
353,8254,11
353,8258,12
353,8275,13
353,8268,14
353,8270,15
353,8278,16
353,8292,17
353,8304,18
353,8310,19
353,8266,20
353,1587,21
353,1603,22
353,8262,23
353,8290,24
353,8279,25
353,8309,26
353,8299,27
353,8217,28
353,8246,29
353,8230,30
353,8245,31
353,15238,32
353,15239,33
353,8211,34
353,8236,35
353,8226,36
353,8212,37
353,8214,38
353,8228,39
353,6142,40
353,12816,41
353,8237,42
353,13339,43
353,8209,44
353,8243,45
353,8234,46
353,8221,47
353,16013,48
353,9344,49
353,9345,50
353,9346,51
353,9347,52
353,9780,53
353,14256,54
353,10478,55
353,9781,56
353,16247,57
353,9783,58
353,9828,59
353,9881,60
353,9829,61
353,9830,62
353,10919,63
353,12076,64
353,11606,65
353,14374,66
353,11608,67
353,14375,68
353,14376,69
353,14377,70
353,14981,71
353,16255,72
353,14380,73
353,14382,74
353,14984,75
353,14985,76
353,14988,77
353,14266,78
353,14107,79
353,14982,80
353,14264,81
353,14086,82
353,14445,83
353,14443,84
353,14550,85
353,16700,86
353,9911,87
353,6146,88
353,5849,89
354,13898,1
354,16331,2
354,15702,3
354,2304,4
354,16332,5
354,2270,6
354,2234,7
354,2238,8
354,16123,9
354,2308,10
354,2312,11
354,2284,12
354,2252,13
354,15965,14
354,9125,15
354,1977,16
354,1942,17
354,1922,18
354,1961,19
354,1946,20
354,5259,21
354,5275,22
354,5313,23
354,5312,24
354,5245,25
354,5328,26
354,16527,27
354,5305,28
354,16526,29
354,5330,30
354,5255,31
354,5325,32
354,11676,33
354,5243,34
354,5254,35
354,5279,36
354,5311,37
354,5294,38
354,9930,39
354,5286,40
354,5239,41
354,5229,42
354,5290,43
354,5242,44
354,5235,45
354,5233,46
354,5273,47
354,5307,48
354,9503,49
354,5274,50
354,5264,51
354,5316,52
354,5297,53
354,5319,54
354,5299,55
354,5302,56
354,5266,57
354,5228,58
354,5281,59
354,4423,60
354,4419,61
354,4418,62
354,5284,63
354,4425,64
354,4422,65
354,11185,66
354,4414,67
354,4413,68
354,5291,69
354,5303,70
354,5251,71
354,16250,72
354,5250,73
354,16809,74
354,6530,75
354,9967,76
354,9969,77
354,9970,78
363,9895,1
363,2380,2
363,5904,3
363,5897,4
363,5905,5
363,5910,6
363,5912,7
363,5900,8
363,15985,9
363,5916,10
363,5913,11
363,5908,12
363,5898,13
363,5958,14
363,16487,15
363,13895,16
363,5970,17
363,5977,18
363,5975,19
363,9857,20
363,5974,21
363,5971,22
363,5960,23
363,5957,24
363,5955,25
363,5962,26
363,5952,27
363,5979,28
363,6051,29
363,11691,30
363,13624,31
363,13625,32
363,14536,33
363,11992,34
363,1063,35
363,15190,36
363,12584,37
365,6638,1
365,6649,2
365,6652,3
365,6654,4
365,6634,5
365,6650,6
365,6641,7
365,6635,8
365,6647,9
365,6644,10
365,10229,11
365,6632,12
365,6640,13
365,9535,14
365,5996,15
365,15512,16
365,15515,17
365,15128,18
384,12192,1
384,16233,2
384,7295,3
384,7269,4
384,7273,5
384,7292,6
384,7265,7
384,7266,8
384,7285,9
384,7270,10
384,7290,11
384,7282,12
384,7298,13
384,7300,14
384,7262,15
384,7275,16
384,4598,17
384,4596,18
384,6076,19
384,3108,20
384,3106,21
384,3113,22
384,6071,23
384,6072,24
384,13438,25
384,6087,26
384,6064,27
384,6058,28
384,6063,29
384,6092,30
384,6080,31
384,6068,32
384,6057,33
384,6079,34
384,6085,35
384,6059,36
384,6086,37
384,6091,38
384,6174,39
384,4807,40
384,4806,41
384,16282,42
384,15386,43
385,5519,1
385,13068,2
385,5043,3
385,6357,4
385,6355,5
385,6354,6
385,5041,7
385,5038,8
385,5123,9
385,14357,10
385,6472,11
385,7198,12
385,7180,13
385,9813,14
385,7158,15
385,7182,16
385,13887,17
385,13888,18
385,7213,19
385,11670,20
385,7195,21
385,7176,22
385,14123,23
385,7236,24
385,15245,25
385,7239,26
385,9779,27
385,10676,28
385,9319,29
385,13902,30
385,7160,31
385,7134,32
385,7137,33
385,7223,34
385,7135,35
385,7138,36
385,7256,37
385,9965,38
385,4592,39
385,7207,40
385,9859,41
385,11258,42
385,7208,43
385,7248,44
385,7193,45
385,7211,46
385,7166,47
385,7164,48
385,7187,49
385,6054,50
385,7218,51
385,15244,52
385,14974,53
385,15018,54
385,7197,55
385,16768,56
385,7155,57
385,16771,58
385,7149,59
385,7255,60
385,16731,61
385,7229,62
385,7251,63
385,9513,64
385,7245,65
385,7161,66
385,7191,67
385,7226,68
385,7178,69
385,7247,70
385,7168,71
385,7215,72
385,7204,73
385,7143,74
385,7156,75
385,13678,76
385,7185,77
385,7189,78
385,7148,79
385,7151,80
385,15730,81
385,1545,82
385,16647,83
385,1535,84
385,7258,85
385,14772,86
386,9343,1
386,6575,2
386,6578,3
386,6568,4
386,6566,5
386,6570,6
386,10914,7
386,16341,8
386,6620,9
386,6493,10
386,6484,11
386,6491,12
386,13694,13
386,6495,14
386,15911,15
386,15910,16
386,15909,17
386,15907,18
386,6486,19
386,15905,20
386,2282,21
386,2257,22
386,2288,23
386,2242,24
386,15902,25
386,15901,26
386,1040,27
386,2293,28
386,2260,29
386,1033,30
386,15278,31
386,1038,32
386,16390,33
395,16037,1
395,13068,2
395,10141,3
395,9885,4
395,16808,5
395,16807,6
395,16805,7
395,16806,8
395,12545,9
395,10522,10
395,10523,11
395,10524,12
395,10525,13
395,10526,14
395,10527,15
395,10528,16
395,9471,17
395,9472,18
395,9473,19
395,7699,20
395,7703,21
395,16680,22
395,7705,23
395,7700,24
395,7691,25
395,1045,26
395,1049,27
395,1043,28
395,7677,29
395,7712,30
395,7695,31
395,7682,32
395,7710,33
395,7685,34
395,7672,35
395,7681,36
395,7707,37
395,7697,38
395,9619,39
395,9620,40
395,7692,41
395,7722,42
395,14329,43
395,7679,44
395,11859,45
395,7708,46
395,7720,47
395,7689,48
395,7686,49
395,7714,50
395,6372,51
395,8026,52
395,8029,53
395,16689,54
395,9073,55
395,9083,56
395,11397,57
395,9079,58
395,9087,59
395,9071,60
395,10605,61
395,9078,62
395,16654,63
395,9077,64
395,7466,65
395,7464,66
395,7473,67
395,7469,68
395,9069,69
395,3258,70
395,16701,71
395,3255,72
395,7474,73
395,9074,74
395,3265,75
395,11334,76
396,14807,1
396,9906,2
396,8891,3
396,8890,4
396,8841,5
396,8838,6
396,8883,7
396,8846,8
396,8840,9
396,1654,10
396,15235,11
396,1661,12
396,1659,13
396,1666,14
396,13470,15
396,1656,16
396,8870,17
396,8857,18
396,8876,19
396,8843,20
396,8851,21
396,8869,22
396,8833,23
396,8866,24
396,8881,25
396,8872,26
396,8888,27
396,8856,28
396,8862,29
396,8879,30
396,8850,31
396,15755,32
396,8844,33
396,8854,34
396,8885,35
396,8524,36
396,6233,37
396,6217,38
396,14315,39
396,6225,40
396,7723,41
396,7735,42
396,7732,43
396,3548,44
396,3546,45
396,7727,46
396,7730,47
396,7823,48
396,7820,49
396,7729,50
396,7569,51
396,8654,52
396,8658,53
396,7957,54
396,5628,55
396,5620,56
396,5635,57
396,5616,58
396,15883,59
396,5590,60
396,5617,61
396,5602,62
396,5648,63
396,5646,64
396,9258,65
396,9259,66
396,9726,67
396,9835,68
396,9824,69
400,14507,1
400,222,2
400,172,3
400,6421,4
400,6422,5
400,6618,6
400,6611,7
400,11640,8
400,6616,9
400,6617,10
400,7435,11
400,7434,12
400,6613,13
400,95,14
400,15607,15
400,11641,16
400,189,17
400,185,18
400,196,19
400,13478,20
400,112,21
400,11638,22
400,5349,23
400,5348,24
400,7404,25
400,7406,26
400,7403,27
400,6386,28
400,16005,29
400,6380,30
400,11637,31
400,14731,32
400,5344,33
400,5354,34
400,15603,35
400,15604,36
400,15605,37
400,5334,38
400,5364,39
400,5404,40
400,5351,41
400,5341,42
400,15602,43
400,5382,44
400,4007,45
400,15584,46
400,4010,47
400,4025,48
400,15601,49
400,15589,50
400,3986,51
400,15547,52
402,11630,1
402,16006,2
402,15322,3
402,536,4
402,592,5
402,4648,6
402,11631,7
402,4649,8
402,507,9
402,14663,10
402,9856,11
402,2181,12
402,2167,13
402,987,14
402,991,15
402,2170,16
402,11632,17
402,5219,18
402,5205,19
402,5221,20
402,5218,21
402,6852,22
402,6857,23
402,6849,24
402,13479,25
402,16429,26
402,15341,27
402,10152,28
402,11723,29
402,6840,30
402,6835,31
402,4186,32
402,11635,33
403,11656,1
403,11655,2
403,1991,3
403,1990,4
403,9156,5
403,5259,6
403,1981,7
403,1983,8
403,16370,9
403,16411,10
403,15526,11
403,1978,12
403,14258,13
403,11187,14
403,11188,15
403,11189,16
403,3475,17
403,15674,18
403,11653,19
403,3634,20
403,9508,21
403,3689,22
403,2978,23
403,2986,24
403,8361,25
403,8362,26
403,8345,27
403,8357,28
403,8347,29
403,8348,30
403,11651,31
404,14859,1
404,4903,2
404,4914,3
404,4912,4
404,11657,5
404,4907,6
404,5785,7
404,5779,8
404,5796,9
404,3196,10
404,3198,11
404,8908,12
404,13476,13
404,1779,14
404,11659,15
404,1781,16
404,3167,17
404,5521,18
404,5056,19
404,5057,20
404,1894,21
404,11660,22
404,11255,23
404,1898,24
404,13621,25
404,15608,26
404,15585,27
404,1892,28
404,1885,29
404,1897,30
404,1891,31
404,13346,32
404,14295,33
404,14787,34
404,14962,35
404,4690,36
404,11662,37
404,4697,38
404,15609,39
404,4696,40
404,9414,41
404,9415,42
404,2795,43
404,2767,44
404,16007,45
404,2779,46
404,2766,47
404,2794,48
404,2768,49
404,4265,50
404,16008,51
405,14302,1
405,15273,2
405,14304,3
405,2370,4
405,2328,5
405,14301,6
405,3845,7
405,3776,8
405,3854,9
405,3855,10
405,16009,11
405,4980,12
405,4981,13
405,4995,14
405,7025,15
405,7037,16
405,7041,17
405,7039,18
405,14300,19
405,7033,20
405,6980,21
405,14307,22
405,14597,23
405,12170,24
405,14299,25
405,12172,26
405,12173,27
405,12174,28
405,7100,29
405,14298,30
405,7089,31
405,15272,32
405,15271,33
405,16050,34
405,2406,35
405,2426,36
405,2424,37
405,2423,38
405,16011,39
405,16010,40
406,14769,1
406,16708,2
406,15723,3
406,16645,4
406,16709,5
406,5666,6
406,5670,7
406,16170,8
406,16802,9
406,16166,10
406,16800,11
406,16798,12
406,6039,13
406,16710,14
406,6042,15
406,16711,16
406,16715,17
406,16712,18
406,2680,19
406,2685,20
406,16713,21
406,16714,22
806,15565,1
806,11321,2
806,2629,3
806,2637,4
806,2594,5
806,16517,6
806,2621,7
806,16570,8
806,7761,9
806,2620,10
806,2596,11
806,2624,12
806,16518,13
806,11029,14
806,11041,15
806,12452,16
806,2617,17
806,16516,18
806,11272,19
806,15406,20
900,14719,1
900,2149,2
900,15144,3
900,14092,4
902,16642,1
902,6103,2
902,4623,3
902,1569,4
902,4622,5
902,4626,6
902,4211,7
902,4250,8
902,2860,9
902,4466,10
902,5552,11
902,5569,12
902,5576,13
902,5554,14
902,5561,15
902,5580,16
902,15886,17
902,10749,18
902,4471,19
902,5573,20
902,9333,21
902,12603,22
902,13629,23
902,13631,24
902,13632,25
902,16252,26
903,16381,1
903,16373,2
903,4079,3
903,16374,4
903,1613,5
903,14761,6
903,14766,7
903,9610,8
903,12100,9
903,11364,10
903,15886,11
904,14630,1
904,7175,2
904,13918,3
904,7228,4
904,7254,5
904,7154,6
904,16769,7
904,7196,8
904,10480,9
904,7217,10
904,1613,11
904,14766,12
904,1612,13
904,16375,14
904,16376,15
904,16453,16
904,16381,17
905,14711,1
905,2259,2
905,2244,3
905,15903,4
905,4229,5
905,15906,6
905,15908,7
905,6488,8
905,15280,9
905,2932,10
905,2942,11
905,7698,12
905,15116,13
905,10904,14
905,16519,15
905,11380,16
905,11381,17
905,11382,18
905,11383,19
905,11384,20
924,7946,1
924,8510,2
924,8465,3
924,8479,4
924,8461,5
924,7426,6
924,7411,7
924,8523,8
924,8490,9
924,14272,10
924,8478,11
924,8453,12
924,8427,13
924,8504,14
924,14976,15
925,14636,1
925,652,2
925,4520,3
925,8011,4
925,1936,5
925,1972,6
925,15731,7
925,9125,8
925,1942,9
925,1946,10
925,1979,11
925,1940,12
925,1959,13
925,14626,14
925,1938,15
925,1975,16
925,9140,17
925,1952,18
925,1974,19
925,2646,20
927,14722,1
927,2149,2
927,11504,3
927,11272,4
927,15404,5
927,15406,6
927,7860,7
927,14254,8
927,2600,9
927,11292,10
927,2640,11
927,2610,12
927,11331,13
927,15883,14
927,5590,15
927,5617,16
927,5602,17
927,5648,18
927,5646,19
927,9258,20
927,9259,21
927,9726,22
927,9835,23
927,9824,24
927,10854,25
927,10855,26
927,10856,27
927,10857,28
927,10858,29
927,10859,30
927,10860,31
929,14799,1
929,2107,2
929,2064,3
929,2076,4
929,2070,5
929,2054,6
929,2026,7
929,2046,8
929,2083,9
929,2094,10
929,2039,11
929,2044,12
929,2013,13
929,9341,14
929,2099,15
929,2034,16
929,2041,17
929,15030,18
929,2067,19
929,2072,20
929,2092,21
929,2032,22
935,15578,1
935,1602,2
935,1173,3
935,3923,4
935,3891,5
935,3894,6
935,3921,7
935,3870,8
935,3941,9
935,3898,10
935,3872,11
935,3907,12
935,3878,13
935,3935,14
935,3887,15
935,3862,16
935,3895,17
935,3881,18
935,14702,19
937,16046,1
937,9901,2
937,3780,3
937,3829,4
937,3782,5
937,3854,6
937,3777,7
937,3815,8
937,14120,9
937,3767,10
937,3813,11
937,3797,12
937,3785,13
937,3750,14
937,3795,15
937,3762,16
937,3836,17
937,3754,18
937,2711,19
937,2723,20
937,2716,21
937,3791,22
937,3847,23
937,3816,24
937,3779,25
937,3851,26
937,3818,27
937,3848,28
937,9170,29
938,15114,1
938,7699,2
938,7703,3
938,7705,4
938,1049,5
938,14766,6
938,1612,7
938,16375,8
938,16376,9
938,16453,10
938,16390,11
939,13906,1
939,14104,2
939,13907,3
939,14105,4
939,14266,5
939,14107,6
939,14982,7
939,14264,8
939,14086,9
939,14445,10
939,14443,11
939,14550,12
939,16700,13
939,16368,14
939,2562,15
939,2526,16
939,11345,17
939,2560,18
939,2533,19
939,2545,20
939,14968,21
939,2498,22
939,2535,23
939,2515,24
939,2491,25
939,2570,26
939,2539,27
939,2566,28
939,2549,29
939,9617,30
939,2519,31
939,9127,32
939,2575,33
939,14692,34
941,14705,1
941,7886,2
941,7899,3
941,4509,4
941,4024,5
941,3978,6
941,15998,7
941,16581,8
941,4002,9
941,4007,10
941,3986,11
941,9154,12
941,4047,13
941,7897,14
941,13924,15
941,9149,16
941,15653,17
944,12120,1
944,12121,2
944,12122,3
944,4289,4
944,4326,5
944,4307,6
944,4361,7
944,14721,8
945,15052,1
945,4294,2
945,4364,3
945,4304,4
945,4387,5
945,4303,6
945,4285,7
945,4287,8
945,4370,9
945,4368,10
945,15747,11
945,4373,12
945,4312,13
945,4322,14
945,4293,15
945,15749,16
945,4329,17
945,4276,18
945,4355,19
945,11043,20
945,4309,21
945,4354,22
945,16248,23
945,4281,24
945,4331,25
945,9878,26
952,14278,1
952,4751,2
952,4975,3
952,5003,4
952,4992,5
952,4990,6
952,4987,7
952,5001,8
952,6046,9
952,5414,10
952,5395,11
952,2824,12
952,5356,13
952,5381,14
952,5340,15
952,5350,16
952,5360,17
952,12202,18
952,5337,19
952,5335,20
952,15184,21
953,14990,1
953,14991,2
953,13906,3
953,14104,4
953,13907,5
953,14105,6
953,14989,7
953,14987,8
953,14986,9
953,14983,10
953,14423,11
953,14379,12
953,15193,13
953,16256,14
953,16252,15
953,14379,16
953,11611,17
953,14603,18
953,11612,19
953,11613,20
953,11614,21
953,11615,22
953,12077,23
953,16669,24
953,9833,25
953,9787,26
953,10479,27
953,13448,28
953,9355,29
953,9357,30
953,8218,31
953,8241,32
953,8250,33
953,8215,34
953,8229,35
953,8210,36
953,9059,37
953,14683,38
954,14708,1
954,5279,2
954,5294,3
954,5290,4
954,9503,5
954,5274,6
954,5264,7
954,5316,8
954,5299,9
954,5266,10
954,5281,11
954,4423,12
954,4419,13
954,4418,14
954,5284,15
954,4425,16
954,4422,17
954,11185,18
954,4414,19
954,4413,20
954,5291,21
954,5303,22
954,5251,23
954,16250,24
954,5250,25
954,16809,26
954,6530,27
954,9967,28
954,9969,29
954,9970,30
960,14687,1
960,8317,2
960,8280,3
960,8261,4
960,8265,5
960,8311,6
960,8267,7
960,8269,8
960,8255,9
960,1598,10
960,1591,11
960,15579,12
960,1602,13
960,1593,14
960,8286,15
960,8253,16
960,8295,17
960,8296,18
960,8302,19
960,8307,20
960,8316,21
960,8297,22
960,8288,23
960,8303,24
960,8312,25
960,8277,26
960,8298,27
960,8273,28
960,8283,29
960,8285,30
960,9822,31
960,9263,32
960,9264,33
960,9823,34
960,10854,35
960,10855,36
960,10856,37
960,10857,38
960,10858,39
960,10859,40
960,10860,41
968,13462,1
968,10564,2
968,8590,3
968,8566,4
968,8599,5
968,8561,6
968,8582,7
968,8531,8
968,8558,9
968,8552,10
968,8564,11
968,16643,12
984,14775,1
984,7269,2
984,7266,3
984,7298,4
984,7300,5
984,14654,6
984,14658,7
984,3106,8
984,6072,9
984,6087,10
984,6058,11
984,6068,12
984,6086,13
984,6091,14
984,4807,15
984,15386,16
985,9343,1
985,11670,2
985,7195,3
985,7176,4
985,14123,5
985,7236,6
985,15245,7
985,7239,8
985,9779,9
985,10676,10
985,9319,11
985,7160,12
985,7223,13
985,7256,14
985,4592,15
985,9859,16
985,7248,17
985,7211,18
985,7164,19
985,15244,20
985,15018,21
985,7197,22
985,16768,23
985,7155,24
985,7255,25
985,7229,26
985,9513,27
985,7161,28
985,14630,29
986,14711,1
986,15903,2
986,15906,3
986,15908,4
986,4255,5
986,6488,6
986,6494,7
986,13466,8
986,6490,9
986,6483,10
986,6492,11
986,6489,12
986,6625,13
986,14441,14
986,6571,15
986,6565,16
986,14316,17
986,6569,18
986,11668,19
986,9343,20
989,10651,1
989,10700,2
989,10702,3
989,8722,4
989,8742,5
989,8699,6
989,8767,7
989,8736,8
989,7439,9
989,7444,10
989,6173,11
989,16057,12
989,8734,13
989,8760,14
989,8719,15
989,8730,16
989,8762,17
989,15750,18
989,7887,19
989,14706,20
995,15116,1
995,7977,2
995,7699,3
995,7703,4
995,16680,5
995,7705,6
995,7700,7
995,7691,8
995,1045,9
995,1049,10
995,7677,11
995,7695,12
995,7685,13
995,7697,14
995,7692,15
995,7679,16
995,7720,17
995,7714,18
995,6372,19
995,16689,20
995,9083,21
995,9071,22
995,9077,23
995,7464,24
995,9069,25
995,14813,26
996,11289,1
996,14513,2
996,11851,3
996,12200,4
996,11508,5
996,13472,6
996,11047,7
996,11048,8
996,11049,9
996,15403,10
996,11273,11
996,15821,12
996,7876,13
996,8657,14
996,8656,15
996,7731,16
996,7724,17
996,6216,18
996,7481,19
996,8525,20
996,8845,21
996,8861,22
996,8865,23
996,8868,24
996,8848,25
996,1657,26
996,14820,27
996,8839,28
996,8837,29
996,14814,30
996,9188,31
996,7467,32
996,9076,33
996,9070,34
996,16688,35
996,8025,36
996,6371,37
996,6368,38
996,7719,39
996,7678,40
996,7693,41
996,7696,42
996,1613,43
996,14759,44
